32.126504234307305
81.51335956312445
55.210356252044726
24.50364702254616
40.44953016301619
1.5428326762380595
20.27799082215932
29.69918296286095
52.00028713578554
63.058912528823974
6.077884126793787
49.96953604956849
57.06718174828186
41.072915496916664
48.62377932765809
2.9760288928941003
2.3919788351084326
21.30021218630792
54.83644906558435
4.651206585399381
46.2218928419931
22.686287751616028
38.88809768230635
7.822115392490925
66.1693271913939
1.6086656240428265
11.965835807400538
3.043982339641116
10.788611927184055
50.23794198170254
72.30272978130813
12.01097236115627
30.06146310328003
53.8073209136246
47.39001411404477
78.15575517573754
29.092353164839025
88.62923652118774
80.8692536642934
40.09667743648038
68.25143154939562
10.889120412761322
87.8391537598723
54.17663035263024
46.29797795498468
82.43041103115469
60.84064083295093
19.33460283802857
54.70892512793159
70.43609613106102
25.63112451058419
86.45469897201123
93.5622049596159
89.99720517713898
18.311747231521423
81.06305028393653
6.940653945038844
87.81556877323314
4.246338001769068
72.74562008609294
52.4003984463187
46.759674918982974
78.22296611229145
14.416784619753631
46.863617517410574
79.39959558444892
14.128562828829072
85.47807539184399
3.1270895526401277
61.77524322672385
85.32045055179253
10.66415741785891
48.25918029513625
13.224532650520926
34.660708961189634
16.19645887448071
48.17304917732377
51.20919647619376
6.034746897138765
20.104574627175996
79.73074015455262
38.5692871116051
72.12087690286542
46.017212168041546
65.11273349726979
12.09354899397297
83.71721583412105
60.199152878580854
41.774095025785066
0.7690351861342481
57.50706562247313
3.476442933908841
85.95411134004921
35.79360743574929
42.350061223769686
33.56347034921306
98.86101144844874
16.654491394582106
61.758864094132136
84.6077749202496
72.17519600833585
97.07028680620301
81.46572929914375
76.45869656230121
55.039734081335986
65.4868784015892
46.371191570901416
48.73498440150436
44.27339620422006
92.878381898738
45.17325342908048
24.42753729424908
1.7954992453057983
34.760737469501876
61.66368374558551
32.39412332069721
66.37762472270474
41.509105063724704
31.344870429119876
73.12233473829968
13.885567931956654
51.04224714539913
58.058020381756094
57.65863418746366
62.786804930614394
47.31257190361341
82.79618524417626
33.27491888038002
68.79667357476254
96.89907218550272
28.87787563675119
52.78849365793362
48.713357566788616
43.3246471184322
1.3984721223130103
99.80757231024648
87.01209892275114
70.40625920024893
18.72435686788202
10.182660531999533
33.04673741853333
25.52980653197189
22.479659380223538
44.331841867641685
4.65231666086372
84.54451938604907
81.96211921220015
54.17443452501224
55.91195281382597
75.82106656279237
56.90585623287142
72.94799592689327
6.207807188943826
75.76170294778446
42.99561274714988
84.84068104225275
30.96983673766317
64.86081696997601
41.69635411915728
96.24304342205497
63.853691724184344
85.50206818505231
13.674170652954976
43.47685095307819
53.10921912775296
42.62661777382465
69.26691693096608
26.274703082066164
50.19973187853779
50.72828413822773
54.9923231778524
86.37695764813556
6.322452571942005
76.49932683044189
35.88695226623324
6.928323444053996
17.808625895568674
1.7312982362818974
61.27460312419789
69.98675653510318
43.53804886060397
51.65017511592771
69.30400409119146
90.69418898299016
81.8254524093645
10.476181316790534
90.63255844948112
8.543081262378694
6.805761421354173
91.41757223266188
58.80823021123377
45.09925037923327
0.512814773576109
72.32789040404157
91.12112192925856
9.233333666439968
71.91970170224653
23.424017614412417
63.22456303557623
47.27511874738845
64.67178940528851
55.52816671533646
34.46522423323065
35.91981352733966
2.787757575183125
9.410111205675753
57.629231851500364
25.115375718915665
49.89400464416241
54.2174871560447
30.91467894899663
31.74025895114364
7.62661293495952
28.649999336257892
25.25780783249395
9.008108143643867
3.01960859427165
30.81634947927935
16.584731855252766
22.651196731231117
19.92148095357863
44.60911193893471
23.85841138822341
9.252247685470794
51.300391467542724
35.805587871551424
92.33579245852115
90.30403435620953
76.26323703877144
66.24021217006003
9.767237639735704
99.15261707188043
50.82631432275665
6.7686358412398455
69.88695879839074
47.16635829899401
2.6727238147362664
73.68217709425322
18.19874099671608
11.341792393145656
31.979332326549002
9.401374188922452
75.11082684070888
25.058336128378087
2.7699195101900553
91.95451862769644
54.856439551408165
74.19871248823834
68.78304749276374
9.325104706686648
12.579031439252919
67.66413648359236
69.94717324226947
10.133819439265812
0.4699310362584086
61.45187800555848
76.01138558606696
87.37699199691623
74.08917366874356
32.9621742990816
95.80157155438972
88.49815904305036
27.144050520057363
18.87542646039989
52.71924396044946
89.52764872042596
26.754724441927824
80.22170252514522
87.0951882829057
76.75570591640376
71.17558826581333
66.49578628791751
79.86791972831932
84.8144033441128
6.047510004865386
27.694682840857954
97.41454104857297
64.41888362692903
40.7197489328083
96.82950725806482
6.685831290513189
26.843091397685193
13.031332248703297
7.7474597161875325
87.38149474629473
27.207869773695602
67.5571846012897
94.28411299624818
36.17483439341902
17.875388260670967
0.9755325852930263
96.42026995283697
42.53979166140511
56.91557022113442
75.79807823402763
35.9818136135588
39.90164995358242
38.08145027748194
41.34932650806981
25.336096457547995
82.4826292504978
80.58492161792469
53.548592812585674
11.375469411156969
70.8753170025517
2.64136671266032
1.4417106638833777
43.87583925129339
50.69283551462234
95.53696433457888
72.47170507351491
61.26629402257794
56.00569122815746
43.96664540958418
50.97438408136307
53.11611682266788
73.27961315950019
3.8876168406153377
25.279733048724463
37.376893611313086
15.886367430605397
12.191100617110283
35.40958464837678
66.95139358841811
32.86218619350678
17.900992510096835
68.32987015244072
49.78370415545651
89.28562330364188
96.16166523920965
66.02411358195609
35.203002549638896
46.42615994727311
10.381225179736065
93.22380902293658
31.49607027281206
35.45115922096686
85.54998795460224
42.90353228432018
58.07686655583486
98.51896691650992
36.32550487004058
84.09202207597517
45.463269841455
42.02757628549713
76.30236203278781
37.52670571913694
66.99078822120094
80.62232282026159
86.03835579261266
61.45351820957535
94.91702175256945
78.25765769160373
17.182104845528066
56.48098627104879
85.14435805388348
91.81665873466223
81.98977951324827
14.623197261470244
84.51546539104118
79.67686056748134
1.0942565069991028
72.71320176138246
46.06135309987414
51.21013372172363
17.448975520201426
95.84820702110693
48.18048586315054
64.41321936715677
49.04676132857475
81.21737137416474
11.52580532241232
1.858389182246234
22.347305879131785
9.946280966423238
84.67750351575468
75.54034761834689
63.854164954972184
34.6572559712518
39.11662696875371
5.1842657668145105
49.06370488176286
84.44597029935045
11.87660098201161
39.49040473287475
4.935735159942666
61.999234905356104
15.358286804835764
29.432395652074096
78.90694541677699
42.07899572104542
92.63210296376589
33.84030083935393
12.727245785508124
7.1289835807965325
99.0132047796012
40.62452534229741
3.9470262899756636
97.20493244076653
8.056403768306797
0.06476502224854741
85.46184657308538
60.584784972774756
50.78794750853171
96.76552309298634
57.97105445999935
59.06385106047838
84.55042787074962
57.81195307477153
8.515394481306904
51.58092891366444
62.86111217467706
48.01936990743126
16.212180990156234
34.266622585575256
25.76660235299617
88.14305068150006
83.04809830806687
98.49666774674267
87.04499921760824
15.64275291571693
97.65993274369629
8.461861596103681
81.04879394089801
3.3045612511706346
65.14199636881143
15.779376058198814
0.7961082442792033
56.378923416882884
32.40937288485799
47.200248686644144
85.29007696774622
54.136176795292045
72.31108022549553
58.70610924513954
27.265867483064156
46.24757302591558
62.05291881359373
74.79336983543551
37.005449714913915
92.19383369269532
89.61233891825651
54.55964809702846
84.25663446811595
70.29425617363145
66.65213556475894
13.992238756196695
80.17710179355973
10.632294415628053
15.955362908310722
94.49865534191258
50.84208216975472
40.69088698155552
53.41688942567171
79.5666616699712
83.69424296316018
68.04568760995299
33.04549969811023
2.2262318480536725
48.260431601947886
85.12304040928291
48.01686304933459
38.8969329688763
61.89145574201015
38.42898264842597
45.63349498990491
82.22826568492346
40.58356623021615
69.52484981839717
15.410051966258731
69.58439293305254
7.673308262334844
23.38521992522351
72.53641812244001
36.01071133935807
39.89365033883126
90.60102306285488
17.474880686580285
97.67121304767426
39.99673628460141
9.69578175950938
0.9634111608005647
16.803415068661685
64.25835867940467
89.12959552445245
69.96005337712413
11.585407882948218
86.05386199364055
61.98321849587302
31.47738539724766
25.89670216022435
35.06369146770122
81.4649576551371
76.95460694738036
35.52741023354958
22.93317537963925
34.159660390731894
2.317916953914745
57.567349308326385
49.579390260665065
53.80411828672151
6.015054302125855
99.81741279595707
76.27714515340111
92.32714181213068
26.05779184827661
42.4324811020383
21.779056377259376
3.7479500103954178
16.233162561734417
5.505754735993107
96.9978935112011
90.88457728532576
50.81787072329625
28.11757451891537
85.53355000635675
74.4343797607925
18.233198025046736
30.506083928854277
22.513881360660193
16.857048619248005
12.826653161347112
3.2778249720843644
8.6385555819416
51.88629652349969
19.417997173643077
76.84677402127377
6.182425472479847
77.32820594308582
61.987119277399316
96.8669903654899
20.279620275339948
92.55436801969219
2.236577615888713
52.6582261602632
99.19946440175198
7.97459605632711
74.6471419117958
56.6829472325908
77.4883691124409
17.294160322609862
66.58652556551328
1.4179047009070023
98.83372129016557
46.1075905869554
29.506283340313455
77.59539681001982
53.772972979082226
41.83445357497695
7.632694297023335
69.54764408996516
87.71191865316729
87.21216443618371
83.70781025145995
65.58878372061314
2.331794270282206
5.482763820964742
23.40601361201432
32.055855449969386
2.833291474806088
25.437129953902538
64.19214498119574
19.220155471182665
67.85500481477273
79.883777837444
39.720093325293085
76.153907571488
97.95957529168436
89.62311630763202
71.35620712540899
11.620365146455692
88.0874938349194
20.453074612185407
74.7059356369232
45.165417082998694
60.861015806863115
51.831384916423026
76.78776879556602
99.0207678331652
49.0989875973528
38.75124524075686
60.92402460109931
17.404698820692076
85.37299535625176
34.273736488655295
56.01775666360654
10.333307100359301
49.79414916909555
51.085002459517725
66.40388487551661
24.61412701410871
7.226192018811517
69.42271342569968
72.04434276899447
16.16337569413173
16.051707687117666
14.361067800619265
17.948077040401976
90.30311072966154
21.705642780058454
1.740380307801248
49.222464163827404
87.19092400957035
87.38569612728836
13.704073719630927
3.2855318797814226
43.65481689672841
91.78008044884092
56.804162483927044
84.63389646671124
21.422401867054795
92.69462031868902
93.20540338072728
5.150610827006052
87.76767070932824
49.088030966426054
40.304406831690585
18.400865796731182
53.33361736584503
0.9358510932023223
93.77344249858069
53.35122636266899
79.19565771587185
21.766225289678687
24.80219173642144
75.83581399716803
88.47850551285316
51.835375030391305
96.22706708861207
15.320518142975882
70.5093616060335
92.01071202717502
42.19751013408478
75.2221464913837
55.830989485534175
5.089436097185962
51.358789588427854
86.91488005823032
59.59968557966875
74.76980232566261
26.864647105961904
86.81775281525077
50.68029878614091
21.180928399031107
68.68481106998797
19.991356575164644
47.97624743319198
54.71302869522099
2.425440369001808
70.52779028114179
28.947799366387407
52.8913171152341
77.01227291601384
6.892629246227166
3.4497300782957208
76.93544678717349
40.16318664572904
96.77532424090111
54.86822705298388
15.062937964845469
96.0297426177148
19.691228466338874
38.17296945069376
16.025685059175522
63.50065022460086
4.5916694080845755
22.344109968286887
4.245351622892201
92.28422705164968
5.678088465817222
67.13665589129202
69.55769336111217
70.75857245288087
10.611415071617591
15.777660633407232
4.707787219233273
7.111993640020509
0.09252305477838174
65.7575583566883
42.243385199256664
12.8763021031175
64.81776602449601
50.720872746947
28.21467812762728
2.2169969678012547
0.9204459301064727
45.32500558037834
96.14306887349338
55.57325206549236
40.14543548671953
76.85930585283211
67.76417667702307
9.217587301310747
31.05205344450659
59.69397459392077
74.39575774102362
2.0050523315285784
20.13036852330664
79.31983124666266
38.071896916377135
91.44241956499765
16.811424518829455
1.647994615827597
88.60064359279598
78.76562185013039
41.971964313049966
70.24821007093428
59.44724024254027
47.680029023595736
64.0396746733154
41.628517690289904
7.106506996236039
31.586081962282698
18.462635729476595
65.50719455358258
25.577593318823777
88.4265977393984
38.07046461087265
11.184755805438263
9.778367121662978
60.85247000119405
25.882536341066277
74.7492378833133
77.39858275507498
88.56515304518375
9.590814859316843
20.152226833144272
23.479581970275774
37.10292783755443
18.248773136255846
98.4608767255972
93.07405549539773
7.132875902458158
11.366629069606681
53.67144245928427
40.858276948528115
95.44570167755515
61.17248649709626
46.397476642230515
42.11613511538249
34.803481612072304
90.17913202499925
74.97530802807324
5.062391759871899
32.59673873679918
66.58170251413149
64.83780431617807
36.41069132093169
28.35731455813255
9.768221082219398
73.63318904111695
21.43621417750029
21.849639617472207
67.92224582671875
4.43035115053938
15.203958553226272
73.5831870347774
70.69155094406318
16.167832738845224
35.15137365365669
50.65786690967584
69.36241432285608
65.58163371939298
10.342828515543555
66.3510613226149
62.71813888769549
26.387381544906784
10.415352313055838
48.617571120078814
37.659111167239026
54.21497827583474
84.85520216719645
29.216586176066972
38.878466719783724
68.01475604290445
27.346336528239444
81.50407501288981
95.79660583511695
54.61801769230051
25.87730186758712
83.9760038722414
95.10969891279714
28.848270894079754
34.903682260512255
74.77353178455284
8.707156765715107
44.915736964413234
32.40068313530345
64.26636587234614
40.00770556491563
51.96797651103439
53.11363896390663
72.14788998640577
70.33786038385946
91.65090339047201
13.390388409947818
70.37149699609974
11.354723400802714
74.70231984624003
50.35184912745824
6.789126795776578
63.35834239508892
60.82694170951783
83.84735747837671
65.17863043036292
38.40521631282879
52.19027860024473
91.81589781187441
27.893343578642227
90.20165816040691
81.3293098059552
54.610601744455
99.50076592027382
98.12891123458272
21.426407604914377
5.0261950577654595
55.37118718055163
61.503853452797465
99.62454415779318
37.401438397929475
85.88507933583249
80.21982027489702
89.57564493507236
5.765811033451929
61.64968132236572
63.734956030730785
74.97328561968338
41.33181182467124
78.38529863388418
12.100909735616906
51.72642177113088
54.134879918340125
47.467146217013735
89.195529761603
68.48203088639183
0.7824731659891171
39.341761103735415
54.21932625296224
1.1479689690766626
18.537246395149666
94.7670978026515
1.443436799513531
34.46298154773125
58.52693127884812
55.0518320834367
57.97697066236785
22.606185117614565
9.990211465095856
99.45483400174258
74.04777108215146
81.79091616831761
93.55021632360834
45.588124630801616
69.88339194892502
54.73352534417582
60.42363461551522
79.40771013135303
94.77050060648877
4.615593429264431
28.225605064828873
95.47240208022856
26.925541246858142
38.212354658435046
86.73823643207788
9.03159465602208
71.20111410924265
35.40121587162957
33.47091941724195
14.068395788389775
88.27016525095075
15.527360399106483
79.559584605601
0.800337048007449
93.42144501242512
80.77578784404197
18.76708388126387
49.97973711193461
28.35963387735001
27.265810813810674
62.392739490412744
51.027763561939864
56.87135169397207
74.1244147014796
2.2585127430174157
72.3056136480259
24.852553081767848
58.44553396353125
27.419546360830783
84.83518676814012
65.02205565493489
76.59339663681189
75.59087434780845
84.72164488392819
35.156323974282856
59.73803922510646
91.72997888287723
7.222548374513405
26.474184432889313
87.22942322184367
6.2917358137515205
62.189141779736936
66.97079085465707
91.28679317355818
25.417073704122515
65.73445683219164
59.67641747335721
38.17112394913297
84.68533524197399
56.69341023037382
94.87555303053104
31.10973375524193
39.65732557109466
83.40031508296806
36.2211306627929
81.21243613397075
11.813603947257501
6.564659754580271
29.979638852216304
37.05154243109025
72.16078735489742
67.49096993956938
45.87936665942729
44.683380517142844
63.14629383170281
4.323045515008205
6.635841678124077
37.82966744332374
90.28261921197111
65.67597244832486
60.01297796890852
19.151303400704066
85.0299885451673
89.00911655631026
78.30096371468953
69.51419129821723
63.95923583193556
33.11286425598261
44.487159962787445
30.374187047350766
97.30393093639688
23.002773101229412
46.0864428484132
99.81644735423934
76.53326819272695
47.22462620358561
89.55077694548106
29.629654718047625
32.36858057377804
53.83221808470184
24.180478348014812
7.35136095273996
24.46087809996278
40.75245686902994
42.662135154945865
4.778984109295847
75.38845473869826
50.34317582467622
70.1343843092245
16.075426644538528
9.348072031888988
84.757674563111
97.44384464293249
10.133730731570822
14.4045564049047
88.24244397815298
23.96429712788398
71.328166835914
80.20014993443019
47.90547339271692
43.905438830914235
92.14297017579086
19.38094800029986
21.541768860377974
65.88609031047353
73.29425059126532
22.83076933093454
28.887514448722275
12.931105797838793
30.31754399464621
89.59297511813202
55.91349865575444
17.142758911641675
25.30600410934507
29.434380206616105
73.682740843217
77.6885937714414
54.16161497287173
1.2231240979450608
60.83530939890298
42.33769127478879
80.17735266781186
79.40253456404342
29.647464887253427
36.65054587641264
13.52337062478548
77.74216906179974
60.16630561589322
78.28412700988879
6.31419895777362
89.92805558774964
