3985164.2867657254
8780087.727748003
8758042.813836
2407028.3188326037
629419.0339318973
8551582.474897947
9296096.794361698
8563814.447214346
2288443.037803134
4285404.847002144
7318269.370790617
2417518.208470365
899982.3868897139
6962599.648625617
8682177.422624746
6039688.081134199
9079861.904760517
9172946.382376151
4297950.636356811
587016.3077012147
8157971.537470657
2435416.846482962
3664836.4482533135
2547169.1716710865
2795939.200760246
5350935.451807862
4112026.462455396
5785992.067208112
6483986.002719178
3888269.612948362
906829.2925072274
8946755.717852168
7214866.547906802
519947.8157071502
8678855.676832922
5160424.922509898
3911505.4432400167
4217723.494327474
6243284.321484341
1193045.769836546
5291839.141702123
4474030.159214927
7146171.7752007805
9597347.04199761
6204120.124825403
2205431.4747859873
471217.5457359757
4074519.0250153006
7694474.174295668
5552604.511444171
9265790.210611204
8423040.78104827
6973229.766004402
4046726.6901752474
8384397.967537354
3023493.8563374034
696893.1846261561
5582317.713527803
5260622.960911419
3154791.7046112963
2236213.8218043125
6054073.738648451
4903755.843855857
2092843.8543963323
2533534.594244884
77285.8932807774
5747821.243406457
2514780.5001200065
5432650.15041833
8709369.766143417
3831762.536301386
5149987.982427892
2555652.2613719637
4881844.922176814
9163456.263828438
8161462.699648711
4898300.071678363
8579016.995440014
9850491.584801
1193583.1282829624
5892169.205655161
8170156.286963815
6554250.922852472
1254792.4909394525
1764286.2251873703
6622551.742278418
50061.2765273889
5616300.900946019
3755890.463653119
9594254.847827878
5621673.514850158
8815818.693621354
9702915.3126233
8582361.62419007
8558283.78511554
1406641.7458067404
3918655.2495402438
4105631.0160753583
1572194.3228402957
1472520.8527781875
