-8698780.612471154
-479269.5734481567
-6953730.646444576
-2166883.2259347327
-3521795.7229332607
-5218111.559250147
-3972808.7458014814
-2574273.6046728943
-335799.67026275856
-2995043.3074029535
-7356099.307171701
-3997707.259530473
-1760823.609275023
-9554624.019790616
-9621436.445467781
-8444137.951345984
-5031207.467474399
-1202375.7452502004
-395062.38378380856
-7835756.411851405
-9836987.584434705
-5540498.069161208
-6920029.525268863
-9112884.248943688
-1257085.981041679
-3914409.010844351
-3579482.308356863
-3869924.2673930423
-295573.92272794637
-9467657.787456004
-400627.1124386518
-5568910.372736333
-3346312.9933075677
-9544696.182498831
-1900142.8345670402
-3676890.07442531
-3808331.518603981
-5137781.292050368
-7755816.217532149
-7556089.712734466
-1869776.7727114256
-223526.47375306956
-8570642.89986798
-1208827.229020385
-2383263.578950936
-4566808.283611416
-5197990.607538517
-5872852.969352961
-1587321.0652431191
-2608408.391770427
-2048572.5068106875
-8492124.884642936
-1627048.8211722644
-6658452.856130628
-9608266.847825674
-5266652.831807684
-3290947.5305769485
-7756788.10457707
-3603663.714501737
-6926027.560506241
-6309575.569103776
-6933306.8118259655
-6297655.7447713185
-8582070.425510073
-1584041.0453046106
-6822225.968738435
-9070386.270952158
-4858943.389598835
-9362797.063559208
-4616524.711850151
-2455527.632202079
-2753999.2402466894
-6193720.9670084845
-6232195.818707806
-5471540.380373983
-8466406.02748635
-5186335.386580523
-5208929.28300463
-1438126.3504348253
-2669749.102952309
-1752659.1088017141
-6215967.291829199
-5006272.653939676
-6459399.193540315
-8504072.682179954
-8691766.502088794
-4945791.567401546
-2258731.8619486718
-9477967.327762946
-9148966.260335969
-8316724.409481569
-4968338.641711313
-7319778.338194328
-5211035.820119194
-3284711.920613773
-64774.50684187147
-3161276.9622893846
-1682584.5399817207
-8833722.380311083
-2833252.547227826
