8210025
7073425
-1485750
5625659
-9999982
-3718485
-4541588
3634225
-8405880
2151650
7816798
-5550503
6762089
-6246935
5564062
-7079907
3580346
-8562228
9937681
-8136603
-4929297
119221
2560423
168545
3479850
-683356
-9573705
-3105635
-4392119
-2373769
-6465293
6670203
-4107786
-2419897
-7155437
-7817933
1931146
-7352923
-1148941
8709383
-7798220
7246336
4741772
1832313
-8631677
-3538390
3552527
5317067
979947
7425636
-6612443
-6354558
-734197
9377262
-2604758
-4006976
-8745930
-9592333
-6613770
1818390
1227390
-6489112
4385482
-4353590
-4094283
2134224
-9072193
3775113
8102643
9965128
7805306
6911511
2995675
-3711876
-8952074
7211894
-3995003
-185001
-1628683
-249999
-180731
-1803308
-1051837
2138380
-2534464
-5131988
3957690
-3462004
-4521809
6391256
6806646
-9530471
68900
-585816
-7027369
4103991
-959886
6149326
-4744905
4786307
-4062919
5894904
135036
-7051618
8369228
-7220729
5273346
-2351976
-695069
-4303684
2875760
7656660
-8505125
657398
-5328276
8748658
-7839719
-7218143
-4024760
8177421
-199801
9912095
-5303742
-1872954
-8230442
7921856
-6515462
6229499
8645162
-7146643
-7422999
-5651511
8210064
-8351692
-6708562
2684315
8478368
-6022265
8840657
-9439762
-234861
-9355828
7676423
-9177928
-9506621
6844474
-2254861
1337291
-8766293
-9955729
-9740914
-1877284
8070510
-3669178
8422204
3390507
-6188146
-2235028
6953811
-5393127
3581779
658793
6036876
3764900
-6789128
9404975
4881401
-7800627
6394396
9572206
5061248
-1456295
1980729
3202633
-1945573
8569454
-863155
-7260253
8183019
8420356
3997410
-9540366
-200036
490886
-2900464
4891734
5580079
-3231355
-7311853
8280917
2997599
5534556
-6040772
7396416
9472939
1990471
809493
-7735425
3509857
-8364712
6280881
-4799065
6698050
-719614
8599565
3182984
2085294
8722049
-3989541
6394676
2138239
-2174850
2092960
-6392113
4796736
9235680
-9308686
-2241210
-4083039
-2824830
4950951
2948541
4404801
-6870898
-5944239
2446520
-9107234
7227057
-714309
-6069166
-7435198
-2717452
6297314
4322346
7108297
1276946
6647178
-4567360
6324777
-2551116
9523719
-2354697
4446887
-6744564
4984418
-4178
-9756380
1498095
7231121
-213437
6962672
-7845153
-2493255
-5044571
-9083035
3336227
-8698507
-2803012
-412282
9900897
1819037
-1955756
-9865501
-7438106
-1295192
5197621
7992432
-8776811
-3859665
-671005
-7118871
5025200
1474203
-912683
1312187
-1354114
-6378334
-7442594
9487625
4781306
9450363
6100139
-9974452
6389291
-7493673
-8583020
-7241789
-4243229
5505777
-4561837
6346826
-4818227
1948720
3181794
-5072859
-423355
9805598
-2463903
6486711
-8794520
2483318
-3197419
-2252333
-5554910
-6173765
-5446230
-9100736
746354
-2813404
2060215
-3756152
7716857
-8011974
-7349712
9575655
8945863
-6385653
2795389
748672
-3840282
-3834848
-9789232
-2137376
2934293
9879848
1232740
2581998
-354953
4094312
-167689
-5599183
-3848894
7751
-7619201
8159463
2769340
4000120
-6890688
-5204980
-3946640
8354158
4765785
-2876698
8012305
1774086
-398619
-4155977
-4661218
-5778017
3375919
9828716
-8342817
-3134963
-158985
9501066
9602015
9055554
703042
-2582149
4323316
-7519424
-4023404
-7385429
-7976169
7749880
2296077
7175154
1042620
-2977830
296458
-9081045
1075930
607778
6632910
1619085
-5732943
7503117
7677736
-3191833
-3465772
-3944511
2950591
5524279
5729889
-1009330
-4923950
-8479222
-4650962
-4573701
2602558
-1564756
1284355
-2174540
-3958719
-1889773
-4435060
-7229128
2193763
6809019
8693429
-7138492
-4329813
-4234317
9023059
-6852216
-6529933
8107093
6939908
-3213338
-4484470
-8055824
8080369
-3721295
-1739478
-1796613
8111532
6901191
6810946
-1770862
8822895
-1365835
4777611
-4188218
1933224
-9915643
-4464156
-9885846
3736221
-7367884
-451825
-9503111
6911891
-6272251
-5719869
4922111
7825092
4201257
457520
1174598
7497177
3939503
8646798
8279857
3273154
9834025
-1200942
-2339706
111510
-8485468
4993200
6259294
-7855561
4956265
-2236967
9304740
6855746
3795418
3837493
-6405085
-3078632
5605544
-8002717
4306363
-8038316
5966343
6331137
8010875
2069034
2231125
9131507
8254680
1249789
-4959970
6561295
9873555
7810103
9020690
3824975
2335466
4997967
-6518173
7477169
-2448952
-8997723
-2386317
-8593340
5041913
-2133958
-1981012
9682571
2797708
3350364
3592249
-8995576
319648
-8263191
1854030
1335075
3799668
8556083
5517343
5251780
1318287
-9743631
1642479
-809696
8091618
6656095
9915143
4864583
7124949
-3645693
1163167
6843921
-5202594
3021388
-5040989
-958987
2924105
3171371
1922791
6706848
2592810
-5110082
710865
2021507
-2989616
-2656513
-6708222
-1478875
-3302706
-7952907
8723040
-6025851
7859303
-8131176
8004774
-7662832
6936933
-9805828
7557463
2585712
6983897
801288
1814184
-5008084
6713642
-265183
-7599286
-5103084
-4020159
5354533
-2185898
6880674
2647427
-4047962
5287968
3517305
-8849414
-55029
8025792
1527095
-4280438
-2996187
845153
2574956
522269
2469568
-2449698
-5722996
-9194402
3382662
-9683246
7906423
-9393398
-2793826
-9394360
5755967
709890
9436086
-8629736
5486391
9071403
5021021
5571626
8639914
-3777426
9019902
-2465255
-5433747
-3005325
-1530377
-5847929
5227092
-6798663
-867440
6943073
-401231
-1346502
-7748216
208100
-7285344
-9966499
-8386737
-7015309
9538197
4595462
4007261
1177296
-2925831
-5607372
693383
6661566
5512820
5645479
-646708
-6779582
-8518418
-7736551
-635122
4686484
35752
-5266817
3195519
-4692073
2633446
-2268463
2450265
-8208167
-662332
-3215534
-3105943
3925884
-2839712
-3951571
7055642
-1427337
9712679
-187495
2551514
5682169
-561567
2022937
-14806
-7988410
-9940421
8287563
3808506
-6090068
-9124102
8608831
7565412
-4948322
-6115522
5357240
17816
-2043973
8697416
1928737
-5615652
-2604663
-2312308
-3341248
4164474
-7128275
1713063
-1502480
-7844279
7991694
-9902441
441769
2802427
-656897
1569767
-1449494
-9432157
-9068138
-1753964
-7339788
-4721575
-9917486
9314654
5498968
-3317192
-6730476
-8538034
5927987
-6765433
8096362
928475
7163711
3101974
-4332695
8410955
9914250
-7692794
2740642
-5998590
-6007099
3766796
5949545
3734885
8009573
125134
-4552032
-5580977
5450664
2523642
-8045473
5151948
-7408964
7177794
-7578926
-4265728
-6509887
4930343
-8511936
2694016
8548747
2092391
9428479
-9490357
9869367
3103350
-1401714
-6692271
9585773
7836385
7505194
-1333933
-9459025
-5287098
-4129001
-54060
-6486264
-7380243
2695741
5161363
4447738
9219804
-6686482
3439292
6022410
709342
-1868726
-2988185
-176831
6095370
9051466
3745659
4759032
4276753
7231732
3430863
4030567
-8672130
8916016
-7044855
9043113
-8097800
3795182
4680150
-6703820
-1320939
4743993
6325217
1606485
9182780
133708
4568461
7801068
-3723799
4483004
2159285
-6991861
-1794322
-1010411
-3054721
2177412
-8416944
-2236615
-8958541
-8700508
-1366988
774568
7479659
9051401
-7295797
-3269702
-8854949
-1367521
7783682
-4875225
-5888160
-4850519
-3821
-9810293
4314099
-2598662
-2365486
3315477
-7838163
-9977399
-1009055
2506695
1032628
-6047950
1606197
1226565
5907794
-9756410
9221369
-7025951
-7309879
-4192956
4725876
-8181533
-4527312
-4238348
-612442
-750388
5410422
7456224
3538881
-9629122
7498041
-6153052
8211506
-7079029
6587226
-9777186
9071034
4569042
2120890
2076447
-4097102
-7028443
7267337
-3350237
3049312
-509971
7180208
-2646169
-9659249
-5829678
4544452
-2164166
-6100299
3412518
-8688424
3842145
-2100477
6760311
-9288304
-9945733
-4802210
-8614625
6532405
-9834241
-4984165
8949697
4672354
9682160
-7311995
1000245
4348090
-1121607
-4408103
-1778898
-9574965
5481753
8017021
-3234780
-2913212
2549583
4588561
5192993
-1117434
-8575029
1576890
3161900
8404049
-8950326
5386986
136442
8023833
9291349
4455521
-5268747
5366536
-9610501
-7327823
8996478
-4086543
9087116
1612002
1383158
4256051
1907655
4994808
7947707
-360492
-1342954
8415247
-360287
-8426598
-9553765
-6881793
3052415
-4141536
4956923
-3604317
-6355491
-5827897
-7254103
-7385779
-7706935
-6589302
-1881640
4611119
-8022836
3891546
6343235
-935384
2144408
-8554012
3791276
4546147
6845595
1675229
-1347698
-3578433
-8335325
4750304
-2672569
3232350
-7111062
8218396
-464694
-67626
-4260590
-8418235
6971809
6509867
7340417
-3273899
-982311
-2140533
-3862992
-2852303
640667
7161910
-8124499
-6662382
4189424
-1183747
-6391921
-1353670
2840561
9924075
-6865638
-7080989
6069848
240611
6349155
-5726110
931347
-5406111
-827524
7283562
3136532
-695516
6899115
9101717
-3365793
-2825662
3773302
1451346
-3138979
9609847
-1161244
3864093
-3656221
2085728
6853843
-4560972
4421513
-8955586
-7284664
-4515719
-5824439
-6102728
-4364823
9981576
7585654
-971843
4115270
-5268938
-7681129
882522
5770456
928875
1597915
4196343
-560448
-598547
700163
-5416259
1078276
-6776172
4368171
-1451356
-5956795
-7364752
-4668739
2055605
-4893641
-3844478
-1452027
-6625225
-9139837
5436633
9730042
143869
-9589033
3928738
443284
-2625133
663726
-3673041
3829581
-8230389
-5924039
1427085
-2108927
527018
7821460
-27005
887887
6540700
-4027361
2760170
-5635559
4090734
6274983
-5933474
-4478685
2378247
-5996186
-8308404
9084186
2929908
-5083752
-618841
2447107
2380105
-7497039
6984907
9709238
-6511761
30242
1710401
4412718
-3743340
-4190326
4090806
-1413491
5664182
-5183199
7711724
4900766
-3789134
-6634918
1338612
-1247187
-4545133
7102721
9655506
57609
1439886
4570315
-4686317
2335860
7761679
1806432
-357436
3057117
894225
2148103
-9582176
7460351
-3262240
7506411
8446907
-2466303
1169623
-4019226
-139194
-6759435
-5570984
-1457922
6275900
2175821
-6981629
9409238
3337743
4366192
-5016468
2234176
-5152699
8634524
-7194091
-2428420
-292915
-8439956
-9715281
-1045263
3675869
-3758933
9346048
-4679896
6518107
4912460
-2057160
-6863999
6239390
-4261503
4956295
5863010
-505216
-5513459
-5374597
8941047
-7233946
-2861456
-6569044
7210622
2481963
2030637
-4352204
7649503
9245763
3221111
460559
8251527
-9444018
2457910
-1520385
3682245
-733941
-2481542
2872936
5387360
4897249
8791165
-3577794
-7414721
7127638
-6094056
-3045745
5773638
4294318
6574279
-7881231
-7693130
-8502980
3316100
2555179
-2681461
3086222
-768182
250144
-2076042
-5630438
3796856
-3116706
6033160
6195742
1783764
379443
6875720
1348043
1068569
-7260892
-7634264
7793029
-4660299
1060848
7573510
-6444331
9347811
-2695236
3664666
-9547710
-9453426
3963301
-7810680
-3029807
-8642511
5820165
-2833336
-5457898
-8326664
8644995
2557324
-8237242
-8000626
-2036984
-3966108
5738701
8547898
-6510573
-4526219
-3087346
-3413425
3296704
400017
-5016369
1069091
-9476572
9034498
-1291492
1011690
-2887463
8465039
3286307
-9695725
-4536718
-2192000
-9457306
7566485
2801038
4970301
9114063
-3003538
369292
9001888
-8632232
-7832549
-7358170
2829252
-3250203
-3164053
8739718
-6775623
5670216
1247778
2624861
-407471
-1273315
-9439384
-8745213
4100349
5915136
3095581
171979
-4299252
3820520
-2096793
4480434
3103645
-44353
7443680
5057125
5534520
-4544299
-1446016
-2792617
5087198
70567
5651715
557124
-3567209
3527275
722846
8858247
5701728
6146107
8464642
4673960
-179890
8607718
6270728
4260932
-877554
-479449
-1811061
3980250
1860239
4589217
-9714043
-5804707
-7728540
601110
-5332919
-2293612
9263780
1179895
8080860
-3592442
1742051
2991823
-5626937
8334134
4477600
-3261740
7831135
-9492517
4246018
3615099
-1190700
-2619945
-9568513
2858885
-454069
1179748
8878861
-5437405
4557682
-6061678
7670310
7619361
-8192279
-6149289
8263666
-372971
6547468
-7747937
2972002
-9129394
-1228102
-8678600
-2413637
-6448978
-2581800
1430458
-1678456
9056589
-7809604
-6005188
-1617659
-2758966
-1485425
-7377761
-735218
-5230815
2767196
5533623
-4211292
9846237
-2216307
-8838309
-9034849
7307663
-7509282
2314157
8734711
-1822267
6405783
-7837677
1588830
2579434
9490091
-7630760
2902906
-4764345
4282043
-7320785
8819085
5899750
-2781723
862832
2262788
8006705
5678094
2423373
3074723
-6873021
765652
-5620976
-5333784
8570275
-9984275
3518294
85190
-9452855
1952895
-2196316
4798585
2823990
-9871499
-784194
3890374
-7769742
6619858
-493184
-5752269
-6937542
-6693731
5845842
-845611
-2791270
6519843
-7380981
-3683999
3942765
9940757
-246063
-4304793
-3750479
-2131899
-1968359
4179684
-3351892
2981286
-9508224
780475
7067118
8223241
-3348999
-9513814
-7530177
-9431896
-2381831
4453479
-7025097
-5805633
670178
4313838
-6299895
3601950
2993848
-8310239
-3530560
4772710
-241511
6297449
531040
-9929146
9683967
-2541660
-8112359
-3132983
-9763508
4130972
-1790608
-4746283
3990502
6965171
7170701
-8843563
-7463846
-1457055
6240678
1700121
-701199
-610234
3792318
6606952
-5656731
1102577
-5359875
-377917
-5887279
-425771
-3635212
9044481
3653616
1812025
-1162488
-3482359
7025292
4478431
-2603984
-1990603
139272
-1460643
3296612
3675780
-3197687
4935677
2062480
1217969
8910220
-8613532
-3676503
-5953916
-261168
3045643
5634490
-7966494
1877819
-8008194
7684599
8431162
4828999
-1117508
-5095116
-7476728
5668013
-8820279
8286350
-265304
-6708251
2759079
-596670
603221
4698456
3464392
5670835
1001957
-9316415
1987616
-4854069
-1580657
2486638
-390119
-1586350
6578649
-2118065
9885878
-1954662
4580191
5436964
1671681
-550043
7749039
-7779206
-7642997
-737461
9318178
653263
3149154
-8895404
4311199
5279373
4234896
7569908
6847364
-2548956
-7619724
2455144
7008224
-3818257
1698816
-6769292
-3213818
5538314
7982619
344750
276808
-3386303
-5875548
-8011891
-1161036
2001319
-8274423
7543760
7094660
3400323
3658037
-1194126
-9685267
-7760305
7187067
5067798
-618134
6003228
-1840884
-7617467
6778909
1656091
7712049
-2437381
7025366
-7943395
-1752274
3607095
8053128
6058842
4052881
6960170
5583853
2969342
-5874261
7983096
-1505819
-1540734
5794029
6986494
4808498
3672171
-7037357
-8606056
-2228961
2227965
9126262
-7625025
-3541922
649522
-2429291
5176102
-2582888
-1168430
-3446993
-9213733
-5255568
7824807
-4423825
-3442077
8958113
-6024813
-4882477
-4091030
-4673019
-4397542
3993657
8041957
-2504460
7492111
3910385
-5010486
-4113418
-9084229
-7579927
2766892
-1435559
-6651392
9649054
2857518
-8440040
3316995
4616419
4770414
2068060
6117199
-5434960
9876791
-5822304
-3856815
2475389
-4657110
6508753
-5908760
-1571495
4210629
5444203
-9282578
-6240843
-6059276
-3634966
4607201
1210840
-3876692
-2363926
-9834393
-2217302
7551484
-4902723
-4653223
7393536
-5523930
9348880
-779389
6733304
-9090193
9908312
-4042024
-8515987
8672363
-5620681
-7768994
1655964
-1830535
3253775
-4875290
-4624324
2509428
-288394
7742279
-7923605
-1974860
-3650725
3618664
-2274788
-3041637
2136588
8631366
3369948
7374371
-7362270
-2455133
4306854
3887688
9127390
-2769969
-3185884
317540
-5081972
-8609525
3287771
-385021
7380384
-8885415
-5245121
-2623467
605488
5996888
-1659064
2835407
7098922
-4361812
4731239
6195340
-4163159
7100072
9619657
7717253
-7969384
5770662
-7712246
7854354
-6694663
4670996
-696821
7495087
9087838
5193267
-8948077
4165769
-9971880
-5062922
9815241
3874620
3463907
9513026
-1996666
7062994
7585026
1117521
-5076972
815988
5033515
9256829
-7414343
893927
-6350997
4476533
5023552
-1420795
4887763
-6184455
-2035760
-1479196
8933225
-3937684
-3057731
5712549
-2169907
-7465774
-8923068
-8745448
2936555
-4801733
1296546
-1439163
-500658
3683809
-521933
-1206512
2926536
-9264486
9166630
984086
-8975208
-1028378
-5569309
-6678139
-813210
8052064
-5766210
-956460
510171
-918034
871373
8970009
-3526952
-6773661
6519456
1055606
-2109225
-1043834
5416088
-6547365
-6250464
4914209
-9127835
2924476
9777464
7639972
-5506184
6362199
3483645
-6820027
9279381
3670994
6442670
3821970
6120171
3241547
-4684810
4875290
7558867
3572534
611348
6925276
7628229
-1037183
-4018247
7859677
6446171
564770
4743895
-7791391
-8651266
-6549348
-1381458
-1779910
2123188
-5990958
-99596
-9707399
-7595604
7540421
-5037082
8524773
6843413
286010
-3278129
875428
4724709
-9747934
-3028571
-7452661
618103
-1723709
-7383767
-6568248
1783882
-8591380
3362646
8689738
-7813604
6494823
-544721
-2680996
181642
-8693387
983519
1697641
8421635
8623100
9504539
-4127885
-717983
6313624
-270158
4618406
7087365
4547022
-6790584
7387341
-2081874
-9878039
-2856419
1594572
-9420166
6492095
764595
-3270830
2822745
2395659
-9356831
6071879
9240888
-518473
940054
-5741604
-146581
-7494557
-3799971
7603869
5868128
5342520
-5826180
-2410545
-6954586
-9603444
-3065432
4737202
-5403583
-7741771
-8497579
5065481
-6161116
5872569
3790235
-94951
-8943501
5795383
-9932555
-5759756
5393615
-2085385
-9627096
-848292
-7232160
7060105
9549959
-1296143
-5889658
5485605
-6541490
-7909918
789258
-2069875
-6985319
4670647
-6944120
-6469176
7748636
-9801348
-824491
2025667
2180088
-7092759
-6845092
-4343652
8262725
-7225331
134002
-346389
-7219309
3256026
845640
-6395857
-5691870
5415112
-8196187
191373
1709914
7590095
-6555678
-3281029
5800308
-4855605
3436127
-8633529
-3068334
-3167081
-4318998
9703707
9432754
-9632677
-8156920
-3117821
-2414763
6853941
-1847740
1945201
7923794
-4009947
9533407
-3487895
2113434
4617029
3213933
-9962675
6042987
-3411772
8046582
5599652
3208389
-9384222
-1719639
-3808850
-7642058
-7822052
-6524620
-2893344
-1406417
1718583
-890402
-8458163
-3599062
-8444684
2960059
3740393
-7526670
1628038
4199921
9879717
-4538832
1210214
9745779
-5539923
-9327816
-6609427
1176603
7912242
4339884
7037518
-6724381
-4811464
-166197
4494484
2555886
-1374884
3180257
283188
-8595547
5122889
2504888
-2206826
8942234
-6390839
2426237
-5483525
-3303212
-7437090
1145130
4158373
6488442
8102469
-1167099
12894
-5529413
-2731919
4482466
-2075692
-9397300
-8904234
6558543
4810573
8403801
3764843
-1212150
-8154341
-8773589
7419562
8435999
5142090
7457513
3914471
-9156212
6611978
-3305657
-3796913
958732
-9032868
7960691
-2329977
-6450300
28324
3271280
-1499778
-6171
-7383885
-7261446
1593464
-4317355
-2402899
9534073
-6897460
4034268
2121650
-5205479
-6009618
8459636
885804
-6522597
8736660
1659900
-2108606
-7363082
-6184033
9575294
-2482160
-6357172
4137379
-5106245
-3399601
7609989
1245826
-6102039
6563093
-5137001
4756299
1285310
-5352364
3682207
5667692
3956421
-6748806
7123057
4055030
-7075934
-6311449
-8468346
-2004184
-3558472
-8800945
4540981
-8629048
8691885
6109133
-5726039
-5443390
6176530
-6976935
-1150439
-6307811
4568359
6031343
-727369
-5536819
6568436
-8782868
9924839
-7396449
9405958
-3472450
-4314379
72338
-4797406
2258043
-4351438
5090319
6688371
-194491
5063157
2257280
-5498760
-5773517
419324
-8188154
3577576
3985426
2194884
7526237
4977064
-950573
2863860
4651647
5000819
9243290
-8801543
-1192135
3488288
-1673461
-2931965
9641240
-4886438
-1310913
-9011103
-5192640
1901676
2092883
-4448680
-657648
-7719102
8386972
8433807
5038691
-4787637
-3228938
-8746771
8465951
-2244305
7920214
4854611
-4519579
-3687534
-2326944
4296219
-9106366
-2341101
-5078225
-7398224
-8591916
-400883
-3636905
-3681262
-1563137
-433470
-282902
-4254267
-3955216
9297424
40159
4742324
5250887
-9781798
8192798
9085236
-7567481
-8105329
-9156821
-6271867
-9283740
6447280
6528768
-3794888
1310667
-10158
7452517
2136422
2294471
-4548992
-488241
3472687
4434327
6447041
-3373286
4724495
7028692
9975264
5694280
-2474226
604110
-9597938
-2558333
2086386
740627
-671994
1142887
-8100056
-1186914
-6400188
-3443429
-6664084
6125671
5151802
-5192174
8687578
-9448962
-23764
5787028
-1151497
-749482
-4802271
-4705459
-6415133
4148854
-8215718
-8118040
-9991421
-2718141
-8103277
-8675210
-3768540
-6853572
1955236
3737893
7173380
3536176
9825633
-2844586
9832808
-777421
-9578078
3014620
-3444545
-3768613
3875734
-4521866
2196869
-4153954
-6537087
8538857
8526427
-5336287
1471185
8071986
5237481
-637958
2679934
7396024
9216644
-4478939
-9470123
-7892702
-9411873
2820738
2626313
2745739
8690360
8182502
3449734
-8405708
-7969882
-5277471
2595022
-9772405
507633
-5853309
3865365
-9009275
-5209097
-9422567
4850766
-8073070
-1453522
5937981
3444169
5858439
-2883587
5963551
-9590232
8057666
-2386295
-7897101
-6474482
-4694599
-1528278
9497743
-4711028
9707982
5527056
6517883
5405079
448767
2804562
7704884
-5671293
5388993
4849931
-2886573
-5927459
-492951
3418392
-5983906
-949914
8929845
7349250
5721501
328503
2155253
-6608243
4227430
8009685
5614456
7421666
-2435402
-5108259
-8952403
4650846
-9616458
5947016
3807212
2204541
-3099946
2149166
-6797177
-5926346
367056
-9491875
-6384980
-2846021
1161377
9971926
-5027749
-333346
-9769249
-57115
8795546
-907902
2799301
-1011880
-8021832
-5919779
-9435888
-9751398
-2288241
8483330
4579748
-6452456
3621360
9492533
4572865
4296671
2357808
-7757241
-532885
-189687
3436469
3019968
-3457177
-8992365
-222171
-2209594
-6152497
-3013787
-6804521
9253118
-9463266
6858216
3158914
5065709
-6963261
-2796822
-7397878
-8292600
6696744
8884566
2351360
-9858345
2931908
1914008
9574974
5251962
-5507903
4469317
3706380
2969257
4205581
-3998574
-7925519
9343418
-6298772
-3812370
5810805
2197867
4856450
-121331
-8751736
-3536326
3379078
-8068798
9534418
-2239735
-9803962
9115718
562368
-7792286
9479995
-1760318
-4602393
-9137696
-5082900
-3062983
1313092
2199524
9673648
-2117151
-6913251
6250241
3021687
-9988529
3572142
5641433
-6458794
2128781
-705593
-9114233
6911827
8515306
-4566946
8139628
-2057102
3726360
-5426933
-4595558
-6933758
-420649
8198407
9174025
-6216493
-6214729
-7953318
8938801
-4000893
-4071776
-9532357
8882011
9400784
-1617420
-3437278
2984596
42690
8165237
7494044
-1821746
-3577745
-4505264
9405127
3854724
-2891503
7649028
1624888
2502297
-7961443
3211399
8401554
1239665
-6910999
4228297
5576279
-3415810
-1609406
-8461680
-8784450
-6379833
3640905
774078
331042
5508287
7120437
4325648
-1066286
3021268
19260
8345425
-7001135
-4221711
-4985900
1370076
2280041
626631
-3708142
2809485
-4258466
-6849890
475475
-6718556
7689132
-7730778
4468250
8115887
3664724
-5831837
-565401
4625585
-4934047
-2467849
-6406904
3937483
-5938268
4266328
8291551
5377915
8280443
-7845538
-3499693
-4263064
-6707945
-6895394
1742775
3772087
7523330
8310115
7580064
8863506
883986
-7183409
6437253
5305949
-3050197
-2346179
-6582091
-968509
4945698
7262427
-3977603
-2339021
1986707
7878383
-1700927
2208126
6281341
1482908
8645901
-5475109
5745604
3298606
-3134842
-3843172
-5930843
5991777
7271084
6444995
3207705
-4231682
-4493894
-6171168
-2772246
2104487
1945601
-9173720
6458140
-2227129
219645
2478463
-1550987
3243910
6674589
-9165491
2103729
6802579
9253891
-7803027
-6158267
-2739668
3545653
3394760
-3787376
9085317
-347847
-3697287
-9093958
6800868
4740259
-1771261
-9541931
9619806
5139889
946146
-9296377
-1971302
-340779
-7935482
5668414
9981363
8521505
7498331
-7920754
8047966
9139415
-931309
5005236
9708259
-5029394
-3280808
-9801738
6758994
3440013
-133392
7213296
4922595
1763559
4968689
-6215864
9586487
9416974
-1052048
-7881067
3993311
6950694
-7084403
4254117
-3913971
8765404
-183256
9618106
3852883
-1321779
9850470
3929714
5798033
5715642
-465577
-6743666
2522019
-7267219
-932283
-1921695
-4554869
4213946
-2652462
3425518
2043865
-658314
5123632
5112188
-595321
-550083
-7369912
-5730166
-9358208
-3161529
-833437
-714150
1459473
-8537899
-7928600
74791
-9310226
432854
-8295445
3769897
6100721
1952061
-1468337
-5001051
-3532719
7372432
2699379
1972468
9217484
2430022
6542936
1004240
-3850854
9023349
-3463548
-2091853
2787957
76563
-3165380
5914510
-8507755
3885869
-226538
-5018912
-391009
7382565
-3329561
-7033652
-3007847
-2864190
-620105
8318340
-9663424
-6226971
-8765139
5939065
-8807003
3959606
-9636865
2619683
9429787
9723099
-989886
-7161892
450707
-480030
3470071
-4082063
-3281900
-8970359
2489267
-6469047
8210749
1884393
1036417
8906612
-8381016
1805612
138071
-7502861
-4341660
1996324
8737827
-4684054
2415703
-7750625
3192602
-7185675
6948592
-4032370
1960429
4190862
6197768
9124453
-4670294
-1586839
2337771
-6756921
-8284018
5118588
-7592371
-9151876
598099
-1510310
-6042824
-9509475
-8709733
8105450
2937400
-9007112
2975410
2025523
4204642
-3327826
-2046697
5775706
-5423310
4870338
-3705080
5388936
-9325374
-9774783
-2418957
-9766747
6502142
-1199500
-2156477
-1947508
-5041847
-9759663
-9593738
-8386263
-8238481
-8842589
2841631
-9588159
-6399568
2980350
-8221966
-5103067
927235
-9862808
-6325269
8448553
-8545265
5310923
-6942493
-4277652
-3661597
-5288796
3148027
1444317
9901342
709902
5964864
9600528
9309188
-7842608
6766144
-2209645
-1986221
-895869
-5779830
-5303564
-4547517
-3042470
-485223
8173777
5636812
-6089770
-1101388
-5442872
-5186570
1094619
-8326419
9938770
2094147
983558
5487596
9861203
4898453
-3751304
2765840
7344392
2119994
-6699953
778815
2200893
6474833
3583208
4303571
-8861501
5082375
-6210579
-7544754
6121650
-6408024
2398670
-3653692
-1154635
1956618
9260714
-7536621
7742099
5488302
439748
240952
295852
-6867369
-7738540
4224202
-7342860
-7407791
-1806208
-6740197
-753322
3085082
3952901
-4536026
-8163295
-7304195
-8846114
2232353
9073762
-5657392
3311607
1739081
2903632
-7136452
8170488
-6821966
-4745540
-4347619
-6639094
2640095
-114876
-2653244
-6903245
1148860
-8190079
-2550580
-3093993
7227493
9747082
7331733
-6747648
-9937052
6287835
-7885601
9108605
-3202703
4726538
198603
-6274625
-3347908
5622206
5954340
6198679
-441925
-6661725
-5519216
2807066
-5412518
-5567049
8339410
-9079817
-2917986
4592949
-7978892
6129893
7774110
1675698
9619246
-9723359
-9189080
7685801
-6908584
6671421
1759512
-1770405
-159803
5437959
-8329413
219859
-1824366
-9190098
-4646139
4987928
-4111971
-3820345
-3262868
672576
4685998
5056559
-1518033
-1186664
-5059355
4847878
-8725525
3860003
5587205
-7952363
5325480
-5676258
9765318
4413901
-7511237
-2643934
-4415164
-797170
9160677
5076024
527185
-6462911
-2049402
8753759
9248891
2550383
2740383
2827330
8997871
6461490
-5088500
9847126
6154121
8971371
7844533
-7241604
6372930
-8153277
-5047893
-8237361
-201336
2637319
6719211
-5680013
7940916
-5786052
2568917
-5368619
-4603417
5749812
5772977
-6159709
8352585
-8453952
8307569
-4258932
-6677909
3900757
1166261
649381
-5541431
-6747051
-3053732
3910587
-7340187
-9670550
-3076044
-4990140
3137503
-1178870
5588756
-788178
-8142002
-365494
5255638
8338495
5044474
5440855
-6338366
-9810704
2652067
5136662
2956550
-8277352
-9371049
3644787
2682232
3626204
-8443511
4643039
-7342254
7317526
-8045974
7004575
-2527814
-5707984
3886946
-1633058
-5785102
-2297361
442838
7514870
7860503
-2164309
-1630214
-3605778
6833458
-1739121
-4925426
-2012407
6325250
1979711
-2934115
616472
-5607598
-3226646
4679097
-8869930
-5339946
-2353367
9043562
1160886
5737211
-1685848
7396116
3783553
-5320984
-8888556
-647676
-5146397
-7208520
7334753
4531152
2577848
-6860261
53353
-3732172
-9714387
-7240602
9019105
3270277
1579364
5797001
151993
-8016234
9863387
4001907
6493863
8225227
-7903425
-8309821
-7620279
2468303
-1264626
7374387
985622
-5884183
-500604
-48753
9568694
2964881
760492
8544767
5977356
8946045
1216595
9158938
9284019
8059038
-3049319
-1768059
8103346
-2412221
2373151
-5367795
5551659
-5206790
-792188
-4704878
8421087
6612211
6973401
-5472461
7121324
8557175
2015805
2789200
4029792
3665397
1480519
5554897
7919477
-8563403
-3068477
6488778
-741315
2859035
-8361712
-7250965
-5892445
8575726
580961
-1419124
-5930514
-2083761
7100727
5576209
9085868
6185365
-8403025
-4806929
-2879132
-7347760
218591
-1362897
-1885914
-3070419
2826499
2150056
15388
75317
-4576377
2594945
-5880956
5487896
-7827177
905841
-533178
97569
-7744040
-1820943
1957113
-6379699
-3494057
6817059
-4246301
-5171892
1150303
-5299536
626959
9802009
8324255
-4782253
2697552
-4150724
7935157
-495298
-8221568
-5275277
2596651
8939524
-4827739
5779520
-5655684
7489529
-6493312
-4118438
-8896760
-9229836
-6610530
1408030
-4315138
2551799
-9736122
6792468
-7255052
3827592
-9962497
-1367345
6119194
9866471
-716129
-8751912
-439618
643548
9286428
6972303
-4471051
-5452703
-4479627
-4897947
9581878
-1503464
6711645
7623077
5457107
61017
-9515684
1823898
-8466538
5400267
-6030914
8808296
8395608
4450462
8465666
-526939
4156162
2487088
-5291913
-8147713
7213890
5315748
-6794007
-636817
-9966767
8174573
838465
821297
2193271
6938960
-6419356
1255008
-6005535
-1512516
-4976331
8947141
-5784144
-5298168
5074947
8691263
-4836122
8574962
7016630
1210778
3376850
-3725531
-8687759
-628131
9967800
-9886777
1943715
-491874
2307587
7342362
-9525721
1100700
-5613142
-2267051
4464157
-8704286
-2220662
4924467
8054417
-9834873
-7196601
4673374
-1827781
-5753786
-8181158
-6204527
2540619
-9659482
-3102277
-5745506
-6765634
-8810964
6170659
-2383460
10820
-4796921
-5861529
98518
1675945
-9447899
8539641
-8095218
-4644326
9277922
-44799
9300610
4798325
554449
-4782880
4478623
2047822
-1201346
-8247859
9357059
-347554
-4227740
9917745
-4779974
1258665
-8262623
4988304
2790432
-1900060
-8593107
-6721631
-7364907
-1221956
-4413412
3061230
6363166
1785225
5026595
-2476545
-5791784
-2006144
2872204
-9721323
-7301537
5142084
1490186
-8245961
-4031357
-7529816
-7001043
9353818
-8622027
-8795332
-1345914
2999179
-9938002
4360136
-2177361
76719
-9372518
-1727308
5305518
4398672
1705108
7078064
-2427014
2001438
-6879826
-3131445
-8130710
-894522
-7099889
-5276242
-710154
4552120
4101781
1334290
8692174
-2312884
1127098
-8415990
-8330083
-3607913
1146325
-7511287
-3098578
-5747120
8581591
-5810660
-7753052
-6200913
7150375
4004580
-2870168
-2581072
-674895
-8473453
9963769
4301353
-9192945
-125267
-7063574
1843699
7143272
-3265962
-9149903
-4353484
-8302728
-378182
-5296989
3300760
5692368
-6721886
1411661
9943000
7705085
4386707
1261086
1554683
9231451
-6387689
-3081840
-8043518
-4391480
-6023002
-2663665
-3467945
4441071
-6559448
3940173
3288162
2652330
-5384791
7408715
5056605
4230295
-408458
6483394
-9187571
2822380
-3598207
1726549
7040815
7597086
-4422656
4948972
8564178
9318502
6825403
-4533393
-1128224
1059960
-8943852
1864756
3693482
7378194
2790579
3520560
-8671534
7276007
6868653
-5594213
2419421
4638168
-6983649
9392692
-4298219
-9238083
-8941336
2076387
2237465
-8473403
-3335158
1594801
8349642
7777778
-5672225
-779944
-9827838
-3337540
-648301
-2966011
-5346676
2498784
5241414
-2975094
2268496
4318292
-6017961
1205895
5782892
-3292327
4465624
-130553
6162595
-5984951
6321373
8781044
3649114
8549302
-1396876
-9839542
7057217
9403013
-2990430
600745
1630542
-3922074
2219288
-2607288
73353
3561270
7850720
-1528101
8096681
6127133
8445974
-8994053
5959901
-2436092
-5891374
1807494
-2889323
-4449555
2431190
6423079
6443953
8231469
-5928729
6900883
-1835201
-2172520
3224137
-5291161
2281967
2587345
-4105264
-9310776
1897993
-1294844
7685352
8110765
-8769523
-7367627
-9188830
3756791
9340573
8128029
-6839924
6940181
9610255
-6499861
6231053
-9243251
2583543
5680242
9121595
-1556746
-1462136
8172658
-724501
1237266
-9197697
-4954661
2232793
-2316453
4131295
9230831
-9027699
-8799908
7928247
7227956
-9547640
-5864665
1196773
-307842
-6046539
6852819
-6611459
9106986
-918483
-87043
1995917
-4905276
-2392389
-3924700
-2697683
-1121368
-4517936
-6441765
6571398
-1022582
4847525
-353514
-2492057
-2660288
-4324672
1806255
-7798617
-2830318
7880984
4668151
4910156
-4445255
-4286814
-2864227
8976666
6092709
2257072
-1653180
4590467
-5728171
9504674
5387813
9118524
-93525
2961803
4735250
-4016265
4261020
-6014617
1301169
-4901635
9301334
5828883
-5740885
608838
2303692
-7268417
-1724546
2268750
6923992
2556632
8647932
15782
2091171
2147845
6535972
-6440789
-669202
-5283620
-9503746
-8295265
-557257
-4718426
-6943835
-9711052
9592090
-7060785
4192420
8910547
785535
-951460
-162557
970844
6631625
3523810
4809592
-746252
9652350
6100450
-8155720
-8590918
674281
-4238321
-3647601
-4304202
-739913
-5790739
-9104522
-64548
-4032874
1717869
8854659
5747440
-8142071
-7119792
-6809380
-3169256
-898160
-4960610
-5191066
-9586230
6292639
6618185
-1886716
3208420
2158523
-1039041
47616
-556076
5152794
3298536
6295421
2898620
9234514
3592519
-2753828
-7191016
6225710
-6289227
5650805
2638300
1787875
-6082499
1002231
2355111
-1031800
3767217
-2956761
-7156600
-9990857
6479381
-7336655
-8780042
5078783
-1254406
-1631965
4811091
8019320
2433501
6405000
6442663
3375451
4409962
5926462
476595
6165116
9979118
-1369312
3329758
-1588111
-7899946
-9385872
-607215
-7252617
6486850
5132003
5544745
4382718
7973702
-4608258
3059089
5496170
-1361081
6558705
8425538
-8938116
3113260
-5116411
6961709
9461957
-5555180
-1307750
6249575
8506817
7795596
-1678841
-28343
-3510937
1392566
6944698
6254944
-4238021
7599825
-6987554
8897259
448297
4574150
6424265
3316826
-6466605
731393
5524338
-2857817
-1681685
-1653825
-4789546
-4307306
7148677
-6522081
4187626
-7075780
-7438417
381521
-3053596
-8397620
9798055
-9193734
4714846
-6844925
-1947184
-3435089
-8099003
-307695
-7014624
-1844950
7319323
-776154
-666140
-9680113
7740307
3434337
1053119
2426465
-3834887
-2804556
-719690
-6680947
-6804315
-3079911
408487
6553603
7080588
-2018997
172181
1058277
-4886153
4985746
4658150
-1247691
-8909205
8960339
-2565274
-8393509
775980
8154824
410228
-9129392
5523118
1616837
-2168889
229150
-5115820
3509770
-2264317
962013
-7281678
-6968928
-1801981
-6177884
-6333379
-321713
-1269527
-5960246
6283542
-5203837
-9163708
-7559000
1895215
-5669529
96795
-72025
4175619
-9688100
-5969229
-9665798
4879371
664976
-4630578
510314
-1301823
-6272465
-3206036
-8377932
2315481
-2359877
-5363107
-7739651
5351092
548051
-1303938
-9083343
8767882
3189578
974270
-4819620
2213443
950390
5702365
-3942055
-291827
-2016351
1885959
-195329
-9238535
-9315928
3573567
-2779997
2856788
983022
-1975521
-2172843
-7965674
-3066109
4549332
-1823172
5503050
5250382
-7853527
-5864
2144482
8911962
575041
-222648
8093451
-9493714
3723633
3691334
-280933
-9833237
-5978297
-2083111
-8674223
-5683841
6176129
6900706
5850351
-1062878
-3827598
3061527
6007638
3288340
-8292521
-7073454
-3454521
-1452495
3224479
5257022
5584725
-3191383
5971
-2578058
-587385
8611506
9780703
6018612
9617643
9470816
-8103201
7052788
-3699324
-5519764
-174664
-3564166
1318350
-2835225
1741071
-3779391
-8327541
562236
5034284
-1189786
1374133
-4533012
7147038
7869092
1563474
-7764840
-2151685
511748
4056029
-9442223
-2717383
231865
-5786175
5526174
-4913382
-8420739
3427790
-5304651
-9045735
-9488649
8328576
-3393284
-506957
-3867375
9555741
-582190
3162956
9269384
3281344
2926121
7625665
1683339
7911520
5689953
-5439983
-5814562
-7299852
9729077
2683005
4256673
9446350
1713925
-9258605
-7731582
9414979
-1138764
4332831
-7530291
-8954054
2026262
7318311
7282018
2433817
829708
1904701
-5628190
2629461
9345205
412728
4592189
3028803
154071
-8294235
6926206
-422207
9945780
1994586
-8066374
8447728
-5394729
5573635
471757
-1930134
-9677705
-8517546
-8259434
7150165
-1457689
6397070
925335
2610111
4176645
4353755
-900377
-3831310
-4289888
596340
1780000
-5253615
8441275
6517701
2046348
2343675
7593454
-5879111
-4550305
-2694109
8655485
-7724849
6131276
-871015
1828422
-6159067
-5746556
8560627
-1100857
2266059
7216962
8782610
5807641
5848047
5318508
-7883535
-1115359
6462342
-4761417
-2090566
8988187
-7360540
9341965
-4993757
-7631814
-4906750
3450014
4727541
-5102019
1340225
5265914
-65753
-7222522
4471244
4815156
6058422
-4774562
-3689784
7921578
8937946
-8068301
9962178
-7223255
870593
-1044733
-559993
3618066
-9755577
-3076798
-5439941
-8204128
8893887
9260811
-9529584
3138251
6066661
-9918865
1598710
-1678735
5664941
-3140580
8213242
-7983509
7532308
4979240
9420003
-6951609
3355247
973289
-3066941
-3603891
4220528
471502
5973948
-8891032
456109
-7684906
3920105
3013993
1070986
5761154
-5731233
284424
-8827744
-3253292
-5164156
-3441307
-3192385
-855850
2033113
-6893193
-9017206
5691895
-3876435
6996040
-5832912
5104854
2526571
-1344974
5968006
6002174
-7221851
-5510736
-7407249
4400083
-8524795
4941596
-7058617
-1046111
3698925
-2346429
-8410396
-966763
1496744
835890
-9880430
-3763710
-3103830
6136822
-9132664
-7533376
-7819344
-6860975
2121980
7462180
9852724
-6694257
4321185
-6908101
-6548278
8939618
-1039649
5738235
-653692
6967639
1420847
-4853197
-8969912
2983131
-4350003
-4862209
-2227086
-2981835
-2834826
7553016
7321697
-6998452
-590015
-1008931
-5010346
2715229
-54032
9061121
-7960755
2656986
6903685
-5639954
-1349401
-4294329
-877586
3067387
9408084
9977295
5203240
784842
7122178
8462023
-4111700
2777674
-3617095
9962858
7497868
-4041699
-117368
9458559
2763320
-4723089
-334400
-2940696
8804227
8395358
-5487586
-4020953
-284683
-1195581
6632390
-1527221
1811452
-1243358
5767565
-8331581
-5518385
-2725616
-7176347
-2318802
1983580
3993940
-1503765
1384905
2172868
-4442943
9799126
2469648
2023137
6892365
2279445
6557467
-3631722
4265096
-3099199
-2837981
-260441
2523700
-3599976
-6851787
9081293
9195040
-9909184
6163124
9222793
-3086801
-3606096
-1883216
-8048487
-341376
9639026
-8910591
3815708
2091870
-2394512
4030970
226255
-9236300
7133739
-8288736
2788011
-789882
-6726473
7397221
-1529611
-4424578
790585
9824869
-5838230
2327099
-7488689
6541549
851552
-2310553
9721118
6996666
-3160980
1336027
5035779
-2761716
-2202321
-3346793
5271165
-8922087
4329668
-7424256
-1667564
3470633
-8768096
2879223
-7840513
-2391
-382898
6626674
-6408566
8517802
-952992
-9038694
2603042
534469
7569421
3303914
3503363
6652543
-3068675
-4879379
4102714
3539667
-9087512
9462068
2097127
9058294
-9627951
-3485856
3639583
-7971093
-4298929
1907581
-1377842
778244
-4645463
-9302478
-9044788
-621790
-6599091
-8808238
-8417945
-2546910
-6678814
8817388
5494200
-1927728
-3701132
-4638540
-9405388
-6595420
-5132238
3249257
-6899005
-7020293
9504404
-9915598
-6395954
2196108
196122
-5538683
7495080
9588316
2111638
2031457
-7171205
-7596337
1799363
-8633946
5671321
7377391
2597191
5116613
928584
-1080027
8834525
8791499
9768525
-2191876
-7717293
3875808
-1855315
8057655
5794776
9078
9263492
3274209
-9466364
5337143
-6064072
-8485462
621779
-8552791
7056298
9972820
6348522
4582143
-1062240
-1566734
7271471
-4364147
8595854
5717707
8839434
1661679
5326340
-3903294
-5657482
3797492
2945450
9291365
5265068
-652725
-9716604
-5155108
-399859
-7797244
-7190258
2408008
1072995
5835750
2814865
2714636
7564328
-2126804
-6751341
8046074
5728697
-1617201
7762176
-530814
1730163
-7012059
4506123
5487815
7345239
491043
95890
-2534893
-8042964
5428348
341760
-6702935
-3396454
-6214110
-137175
8804637
-1059542
-2424171
6934120
-3672270
4279026
6004294
7619982
5414671
1941296
-2370998
5145858
1249656
1652833
-3566229
-8951791
-2942198
3035425
8348356
-2846438
3642588
8038317
-7429316
-6442197
-7341199
-5135821
3411494
171020
6702246
2884215
7446935
-4361687
1383222
-4293318
-9024070
8101587
-7821806
-8937632
5234905
-384417
-3360174
-7088904
-66263
3056779
3666082
-1543745
9832281
-846375
2253298
2390978
-2498979
1460969
9887241
-7944030
-2993440
9800582
5560090
9356456
8950640
-2159099
-1785970
2370944
-7966645
-7915529
2292849
-4458429
837295
7474723
7867606
9488958
-407350
-8822268
-1474385
-7757808
4767559
-4627637
2785189
-1568573
-3855566
3585810
7345215
-2713602
-8491528
4674068
6375384
-3199971
1507232
-3411053
6605083
-5879255
-8517508
4356319
1613651
3105164
-310013
-7369391
5521413
-6177696
-2737781
823740
-7633720
-9414114
1540337
-4532538
-3943143
1586441
-5218125
1217491
-8162332
6579376
9079472
5094730
321466
-1782389
764671
-3388346
8508174
4067810
5558693
3604422
-7426697
-4422019
-5409920
-5317033
876629
-3108246
-8381881
2343039
-5164010
-6363929
504629
-3178275
636700
-6830180
-6092795
2968902
-6158238
1631385
1094400
5410961
-4219715
7554529
7630251
568266
2233909
-9641415
646155
-3885099
-4353499
-8378366
5946239
4825356
-6359007
-5341151
-9559542
8595372
438738
9293312
-2164879
-7843824
9574389
3351029
-1323374
-3578488
-5225168
3971786
-957956
-8477268
-9409910
-542409
1522502
5282643
-6931174
1648739
2210909
-1609597
7311629
3968454
-4999219
3753499
-4375622
-7767339
5776325
538248
2490065
3699187
-634577
5481837
6012154
-6992325
-5236437
9715376
-9437534
-6053925
3566854
-3913878
-4136506
-5390135
-4053741
-4448091
-7793249
7137432
-8356352
-1441112
-4139261
-6352900
-4353008
-194984
4087406
1875025
1879535
3690256
-7614991
5367508
7710214
6171365
-5385126
5986398
24765
-8962374
-6989733
-2811378
-3690702
-5635460
273255
9685225
8272121
-5338892
6056430
9880035
-6210863
-56686
7421115
-6108725
-9899092
9379162
-4611287
1966283
6909469
-6873040
-3359516
2374414
7687665
-1054635
740958
-7911127
-7801308
-3697049
-1541976
7533668
-3765434
2792634
-1764632
-7452162
2935024
5511311
5074893
5306330
3180592
7112741
-4142028
7600988
-866351
8081540
-9291648
-1906958
2811793
-3373736
-8765037
-158477
-4659925
8395817
3787198
-4073333
8606852
-4838860
2122733
-6447558
-2900371
-674980
-9851323
-8010151
-1370551
787792
7201745
-3275339
3792093
-4718689
-8259874
-6996339
-6391935
-1075028
5509630
-3834520
-738102
4517199
-7315807
7272296
1984600
5209160
-4373048
4928156
6075579
-9834344
7606072
-939979
-8158948
-9280681
-56385
-9057419
7569732
-9499500
-7916804
-4174416
2715714
-1894396
-2234532
-2853272
-3174374
2646136
3214741
-948799
-1618596
-3225705
-2143303
-7456859
784830
-242719
9437591
-1165429
7785888
8914174
1482029
-3611089
-2850779
-856027
-7859780
5734844
3739248
-3160061
2920368
9974262
755275
-3071268
-2120416
1892001
-2789647
-342807
-9812193
2680583
9981839
7087522
-669912
-5529836
-2675400
4450262
-9964459
-3798437
1588099
-6230499
9766867
-5289079
-4526550
7100223
2258926
-4125931
8006374
42229
3218177
8547585
-6208701
6259703
283221
5703277
5731071
6038571
1658344
-1970071
3778820
7680079
7750419
-1165771
-7067128
-3606136
8799650
-238723
-8945466
1233136
-1270594
-5458700
6709541
8160319
5237047
9896831
-5734820
5948838
-2808390
2858003
-4389233
-6159732
8419475
-1920967
871779
1699870
-1949864
5169428
1471901
9270994
-2415383
522086
-1265962
-2195134
7531123
1007768
3114764
-6738799
-4111787
-6456170
2401707
-8981150
-3547522
7048538
9704590
1717671
4411635
-1724137
-6521682
2996552
-5625619
1581644
5180004
5781405
7111742
5959485
-2036783
9617241
1610199
-944287
1241445
-8736833
530429
7276865
3534718
8366933
-6040420
-2854081
-2498951
-7174969
7046690
-3392443
3387710
-5688487
2490579
-6617532
-8750728
7761231
-328785
-872569
-7538300
8585969
8276293
7030522
-4965594
7168134
7543276
-2383247
789312
756215
3030829
-774752
6246171
1019456
-8126572
-3328820
-226831
-7516920
3554553
-8063676
7798742
-1263270
1865340
1398972
-4295286
407612
2555165
-8010895
-2912222
719743
-8186092
-2595412
-505468
2698341
-3199438
8769148
-6455337
2100233
-1600539
-9626015
-2914069
537560
-9072796
7807221
1476759
9958268
4838206
-7651949
180795
4476947
-1293094
3462077
8493666
8000578
-5126644
7179554
-4394701
8891689
-59491
9389077
-7250076
-30673
-8006712
9011884
-3184264
-3231093
6523037
6224759
-9173482
9737951
4028470
4795517
8313608
8713926
-6261897
849487
-6825281
-7074416
-7486340
6177055
-3168893
7663690
-7370072
5405140
1775438
-9789072
-1799196
1716367
-4453200
5576639
-6621167
651644
9743412
3992197
-2914580
8017344
1665709
9528014
-6191764
-3654109
-4453100
3754114
-2428432
-7493852
-6252049
2346233
-2438748
9881605
5597696
-6924241
9907378
-3351998
8860077
3904128
-3280310
4296314
-7858222
-7167943
49951
3434117
1988687
177046
1717055
-7825041
4610526
-4846547
2135722
-5045289
5591324
9294786
1112780
-8032945
1739223
6826341
-339114
9544216
7740929
3683278
5546519
202305
1972890
-1529412
3269426
-7011877
-4544667
1344994
7179774
4695957
5623081
4770281
-2746138
-8855714
-4553741
5591982
-7492261
-3649288
-6398128
-5933508
6091776
6131340
-8335358
-9123548
-8312531
1544326
4022374
1072963
-8663426
2287109
-4333890
-1390159
-117300
5826504
-1011708
9047243
4926947
-8678234
3453728
1468332
3019454
821832
2774698
2699821
-8654253
-1856550
-8752833
1882875
1403079
-3293272
5572107
-6703666
1426356
-63728
1653483
-2726749
9079587
2430184
-1905116
595521
-3908671
-6867120
-1709168
1576401
-7052600
-2508402
-1331891
7713419
-5041112
-603049
8571266
5132495
445310
8735017
-6357644
-7288914
-1775998
8533947
7337288
-2298154
8576196
-5871380
-7083925
4877339
-806291
9599764
8813246
-8790040
1967139
-644661
8051171
2847783
5135301
-3948798
8625993
5638903
-3327825
7980421
-436779
3481302
-6671269
-4965813
6408009
1896008
-157179
6477830
7366246
-8456427
-8089640
-1963571
-3992344
-5744972
-8649633
-7803950
-9852840
5138938
8444624
-6075651
-5816653
7649535
4596260
-3881547
-644334
1383417
6927335
1050590
-9743427
-5436494
8886370
-2594845
7440964
7680974
2373054
5579030
7394881
1964259
-6104285
-6179627
4370895
2443793
7880542
9201867
6773503
64833
-5483404
-6605395
7786702
1812714
3051495
8060558
4189638
-2621303
5130652
2659729
-2027165
1788428
-7118303
3514881
1499216
495099
-1079250
3323804
5028639
-9825225
-2015661
-6184396
4089029
-1628828
-8612914
-5177005
4555854
-1127530
2375909
4595580
-3938656
3107136
8567128
495956
-9464216
-5465069
-4880809
-5670755
3544175
-7030489
-2423150
6073090
2830840
-7295728
-420799
2661770
-3360749
8221073
6568585
3954719
2106220
9841667
7438523
1889122
7606595
239165
-8844105
-1491734
9196424
1963844
5511226
-3118969
-7858064
-3689896
-5226095
-383656
1614103
-3601096
-8707004
-5722370
-3617692
6212765
-5613611
7220498
8770821
-8016422
6727141
5662051
-9051306
-1588439
-5465648
1762597
-5243847
-4267765
-1836957
-6979936
7342070
7443647
1092998
-656368
-7040205
7657186
8054403
7036705
1271084
6228729
1973000
-2702189
-4013452
3626523
1781057
9247356
7094025
-4093085
-11302
3391688
-6399771
8694085
335650
-6261285
-2994356
1256465
8564090
-5765874
-6233213
-1713871
8995492
-4608520
6462170
1367348
116608
9222276
-5394650
6199078
6913792
2660100
-8943864
4636729
6448351
-2388990
8000674
-7195685
3814477
-9189736
-373754
5404007
-5014866
1868010
-99397
-5801458
1311966
-2621328
1565835
-1426522
-4856282
-9882914
8060366
-3392578
-9303662
-9637602
-5253094
-2028158
9870835
4216431
-320067
-3291843
698895
-9920025
8790880
5273217
5662237
4251508
-8894580
3589219
2684968
-6667892
-8785729
-523555
717084
5408114
5836723
-6365654
-2333466
7180530
3844379
2905102
-5781990
-1447393
-2520794
-3766066
-7434497
-565843
7919888
3560192
8507714
-4124973
2683412
9373781
-903954
6355470
9947493
4188837
-4503212
3972793
-7254423
-5655235
9915856
929418
6485092
-7192631
-2494894
5008584
-6019842
650380
-9516151
9793355
3275830
-394691
800669
6904678
-3371143
4079960
-8644603
-2303025
-4541103
-3534905
-4849708
1131118
7186650
-8612709
-4589336
8936196
-8744993
3726814
3164256
-599617
8366860
-8533148
4893567
3219176
-8837108
5190775
-5248050
-2386256
2831155
-3734600
735083
-9259993
-9359655
1519921
956783
-653503
224495
-7230643
6036823
-2720181
-7851543
7237497
-8766216
-7139322
9787662
2649457
5661161
3049294
6329705
-2094596
-2288436
3507616
-4616957
-8410099
5333412
2383360
-5059234
-3227491
-4939116
9193273
6720549
-6186392
230889
-585578
8170176
3446742
4912538
-2163311
-8108735
-8059510
7458428
4163404
-507627
8605909
4282596
8896226
7019250
5162721
-8669915
4125592
-8245759
2718548
-2003691
-5820346
-9478418
-5461429
-6219681
-7829396
-7336718
1551596
6378998
-8079520
5515058
2029500
5694758
-4258233
2304244
-3690199
5099239
-2134079
-6968816
-9839793
-2062369
2182187
6152990
-5549594
-1954566
-1260062
-7683007
7683866
-3238045
-8854137
-2460374
-5162853
-1255038
-7627569
2392951
8193992
-2823319
7633675
3697525
-5673335
7354676
5570796
6910999
6016316
4902640
527755
1453948
-6628375
1127473
-9809583
-5515011
5159909
-9082933
-8030892
-2427097
4418431
5711799
-1249667
-181669
1849486
-2652286
-5451550
-8620912
-6044345
-7350900
5764272
9560970
-2246815
-5714372
-4392282
-5405853
-3630328
3988396
-3452975
397092
-4780407
-1328338
9589083
-3044374
3800622
-3261169
-8689248
3843145
4032929
4395378
774490
-5592504
6646377
-7976927
-4871714
5111197
1170420
-3299613
9827341
-7363428
-2737784
-6485321
-5173419
8795638
-7787184
249364
-9254187
5535033
-2017688
-4775734
-3417048
-7040904
-5692728
-3593415
-7420078
-3995306
-534870
1220000
2804301
6161275
-5229569
9009093
3449183
4646855
3951186
4749051
-2262651
1989253
8132135
6761765
-986575
404962
-8368229
-6039325
-437539
8552119
3654628
176067
223417
-5018920
2575684
1677056
4875903
-4314249
-3174205
-505496
2122119
450795
5498191
-8847542
-3598482
2760650
388589
7364722
7800580
9736270
7747740
9101870
6041935
3551943
4378061
-8657480
2030150
-1629343
-8412390
-5358333
-3918816
945385
640351
-8707604
-3842678
4004685
-4860275
-5515227
7587796
8142671
9128459
-3360032
9561387
5724184
3753178
6318075
335821
8297090
9904257
-1934082
5190120
6998385
-5545198
-9200146
-7839034
-5569711
6717764
8455038
8353435
-4407971
8333602
-7686039
3908721
7895662
2438564
5512362
-6350351
-522384
9000853
-5823848
4512016
-4880057
-1884843
-7196438
-528530
6582269
-7475482
4552661
-4825302
2660672
7421340
2473161
-976564
-7983688
5555497
-8113697
-4661747
-1190794
-3839323
-9920800
-5804709
-4025268
7430111
-7483993
-7550776
4948937
-8015269
-8565858
-7316455
2628564
7442022
-5976707
-8849267
-9392799
3842191
3307469
2005991
-9872630
5888248
6170113
-8732514
3620875
-1077038
19925
4361158
4367801
-9304002
2651904
-2840990
1809989
-978272
4924384
-3384111
-6405730
-241865
4174944
4222623
2050055
-1002378
2191333
5950182
-7705719
5348442
9634696
-1739457
-8816597
-2778613
8449085
2138886
-7048928
-5549398
1094188
-8481104
2946660
6235663
-6018718
3797297
1306161
-4631239
-5069017
-4334880
-9564914
-3844490
-6608169
-4327418
2584578
-6945670
-2019495
6633690
-1965096
9315895
4284563
1236104
6640520
730711
-983970
-7406216
4899808
798387
-4684602
-4974300
-438114
4968571
-9703228
-2659247
6537687
4507960
4758286
-5263007
6170964
-441025
7186901
-4223025
8775115
-3728455
-4146279
3350665
-5245653
-3046271
9005212
-8285222
-8745305
-5184499
6091361
-6923220
-5559083
-9799020
1530478
-6108265
-2575333
6515202
4141332
8163455
7532460
-7900147
-2339628
-9593437
-3134676
5771078
-1877398
8143447
5956621
-7561430
-7646334
506126
1264442
7736943
-7675814
4659165
-7807664
-75173
7609868
-1578713
-9960839
6743398
5364794
-8374208
-8725026
-7631512
4749817
4642340
8000259
6868235
9702895
9270750
7751347
-9719558
1744083
-623146
-2337894
5797717
-5641143
-2709787
8903156
-1506023
-747419
4762978
4896755
-9770862
4794009
6282274
-2173312
1626559
-6700879
6406598
5339131
-179314
-3127137
-3366155
-3951904
2470991
-5195708
5812705
7778219
-6927768
9278235
-7086306
5611687
-1829463
4582752
-1722935
4454761
4006472
4414749
6455071
-5896415
-2933734
8978314
-7462862
223044
-7215354
8606100
-9725148
-1498489
832535
-443451
885628
8502184
7892132
8161360
-9743054
5492812
7368817
4150007
3587888
5806147
-8995327
2985835
-8278882
180232
-9406654
-7509673
5233252
2201023
-7323694
-5513534
8473280
2618476
-7815951
94025
7602984
-6197978
-2069127
-8937415
8613827
8468269
-8205646
3041144
6202030
-2955828
3540620
3956286
-9305947
8673239
9574703
-9460019
-5248751
1475651
7501277
-4140647
-5982073
192891
-5388139
-5025681
8275070
2863837
-2841317
89240
4827551
4043206
-7089370
550566
1734555
7772749
-7534238
-2322059
7506920
4286473
-736860
6871757
5520409
-7111107
-8340234
239174
-5732596
8600566
-2081200
7899780
-4861580
6280202
595337
3078138
-40404
4207500
-4593417
84689
-7987648
-4885226
-9382596
-5332889
-6772692
-1397704
-7793626
6062507
3716034
7503928
-5246577
7204813
1298630
-8020501
-9875327
6517235
-5680355
-2026009
-144776
4181212
6999018
9268009
7679948
88225
-9641089
5894935
-9125295
-4303743
-7462441
-2458068
8640743
6248131
5293000
-8984826
6632299
-7519385
4846261
-3462805
-6986022
-6780567
-3218647
-5520103
-3828157
2274584
4342784
735667
3085363
6965017
-9757367
987725
-314269
6081500
-3249220
6905738
5201660
-8602547
1513537
-7366775
-7965480
-4381652
-9475750
5837066
1191587
-7883568
-9613285
-2992
-6431938
1325352
-9454451
-408116
-6516214
-1983856
-9884961
1799359
-9131762
-2774275
-8536674
2382650
-4421746
-7158918
5212654
-3541173
-3649011
2882917
2502811
8098778
-8396772
5475347
5862150
-4935830
3040926
283534
-8875942
-3150750
1100988
9052481
-7876874
-7595017
-3013920
5717263
3501910
-3488708
9452067
-7628038
1661342
1000656
-1824829
1761660
50699
-464978
-8530363
-6553303
34681
7025454
4587414
3633163
-3089439
6236693
6497738
446762
-5869817
-2399896
4186439
-6594965
124579
-398044
-6909558
9268912
-7102943
5998510
4539393
3632693
9735473
-3545549
-9616067
4937473
-3298520
-6840001
-6030888
-606037
8744011
7600013
8657374
-6314176
9219503
-7616941
-308601
-4739100
7841842
-9151416
2999287
-4889435
9136941
5511475
1814192
-899500
978426
3831462
-4250603
2504067
-3629628
1441084
-7461927
-9751034
-3785303
-3307622
4222730
5828508
-2968042
6968794
2335524
4261035
-2426563
4135127
8588459
-8982095
-6411763
-9241967
-2472641
-5825793
6147658
5443132
1337284
3900592
6626797
-9684632
-7494005
7314815
-6805969
2032097
-7124411
-7960917
-967607
3417568
-3427012
947208
5373138
-2929918
-2957226
2850271
5465384
5512193
3888263
956853
-8610380
7410317
5567270
1543668
-3686534
3155381
8853068
-8635310
7991684
-2253741
3884835
5020635
-7612000
-562440
3202376
222141
-3560800
6730640
204156
8653361
6016160
-6657437
6662711
6614181
-250946
-3179431
-8667951
2492917
-1200243
5461826
-3263352
-661517
8673424
-929971
7556555
-4023226
283518
-7487503
-4866693
3663739
-1638585
3195055
-6502947
-3417655
-3063133
-1077416
-3483276
3231785
5725724
-3685922
490984
-7352868
2111092
3155614
-8213220
7831792
-8598290
5504320
4088018
9530206
-2330172
-5918469
-284048
8736095
-3217190
8386961
6610612
-1978820
-5129210
-4938168
-569684
-4851831
3889675
594440
7060118
6674124
6433686
5850128
8561163
-9780346
-4606587
-9626147
9794032
-2224711
-3491296
7314908
1258804
3344792
-2167786
2139916
1384567
-7887572
-8057438
-3133072
-563614
-7269941
-2401152
-2746649
-119610
-8734964
9842191
-815257
8979907
-3304319
-9383664
-8263926
-5941168
3880587
9020267
3180084
2265969
-9310028
-2886166
-5711272
-4988402
-544928
5890860
720671
-1582174
6014079
8657871
-7495268
3615880
4345763
6606451
-5524921
8676223
1223460
5532854
-3329918
-8021247
5131993
4752245
-9713930
2448099
-9278440
7582139
3240573
-6930317
7787900
939962
3880726
-9819155
-1626317
-5713865
-6102405
7955689
-9127540
-6674158
-2740325
8718555
-6302
-9144915
3956331
-6119703
311098
4873901
-2674670
750341
8840394
7689924
-6502814
6891028
2301234
-7464388
1995387
-1127320
1468691
2775705
8785810
7000648
4875258
-7235575
-6126978
1647095
-123043
-1432384
5902859
5723191
-4515276
8684875
-446559
3716180
2230004
-6233932
-8055737
8514098
-6441887
-8150323
7395975
3716048
6796445
-3802251
5998078
-4535541
4270013
4339507
-5672365
1846865
9395276
9413186
2281658
4178266
5957947
-30788
-3803290
-8986752
5361478
-5001862
1094526
-4414681
-4937045
1063011
1570614
7903407
9954531
-5291473
-8054425
1347395
-9484968
-4923548
7076010
-2690468
-5537213
-2194206
3828221
-7270521
8117024
1748982
881872
1902450
-8657547
-5585293
-7116462
-9343332
-7424322
-6692958
-8951188
2670866
-7110391
-4994081
-8644407
932791
-6944566
4702183
-3644346
9670719
6764550
-9439098
-6305446
9288790
1186904
-775075
-6999976
1829919
-9409545
-8525570
-4138286
-463781
-1920362
-1367753
-688627
-2421443
-5616230
-7727933
9670108
1408900
1509668
6866343
-6151387
-4328583
-3270009
987391
-6740310
-1312
-4952143
-7037797
-4045948
7019496
9578823
5964183
-8645313
7532798
4419852
-8435725
-7546337
5601825
9725875
7345611
-1515701
5980763
-7475524
9112754
5221940
-1584694
-3281298
-4384272
1250337
-2453093
-6752298
-9916804
6911212
-7789974
3475843
8842092
4693284
1068288
5392160
-9173366
1994189
7741862
7444590
-2928671
-8987867
-4086620
-8017971
-6327652
5814024
9696865
1755942
5594527
-5822906
9290348
-431063
8329263
6780350
9712281
-6253112
-6769234
-9061888
-4398547
9618393
-8424417
-9330738
-4183484
1165142
7087872
6577891
3411668
4633080
3034784
9712570
3810015
-8247615
-747725
-7755207
-4283752
-3096271
-5255195
6256747
1810641
2593265
-371368
-3073719
9788577
9798515
6578462
-7081256
1989532
6255995
6400042
2759910
4251828
4198001
-7438014
-7309853
-5776529
-6531678
-4456932
-795777
7484158
5177822
6274039
7837773
8431341
8692121
1590225
1156541
5289171
-3280516
3631500
5579589
5341815
-3154998
248665
584523
-2442589
5344585
9745359
7344830
4479723
-9826198
5948602
-9653893
1672757
-3649889
-7466465
86680
-4338754
-3434596
4417704
-3058524
7669335
-2093963
2325709
6293444
9781554
6807193
962322
-2475177
-6524947
1198504
-5566545
-7163506
6160873
9722720
7188294
-1201880
-3466972
-2870647
4126700
-3860996
-7808744
-7573835
-9072632
389947
-3616401
-7751520
4026268
-1825957
6582268
-6872134
1980622
2921864
-4106292
5070672
5152589
4601190
3587831
-2919904
-6442849
8467916
6985600
-8234938
-6241483
3091122
1085762
-7905211
-2050437
-319953
2322388
973790
-4919279
4754614
-7380217
526486
6741674
5214034
-3881789
7772227
287297
3839758
4691772
3143718
9844328
-3553474
-5826993
7672948
3595304
-1538649
-654063
-2970542
-5867433
9868202
-3806078
-4041016
9154048
-4281580
-8828411
-4358575
-8451523
-6593772
-111697
7942582
3857464
6498845
8874874
-3123782
4004835
8358817
-3576265
8088041
-5830469
-2983906
5580694
-284568
590755
-9177291
-2281446
-5680485
2738635
-8411785
8643034
-441815
-4673795
-2825951
-3173875
7381488
-8016387
578181
-5323627
-8314078
-9663669
-5965924
-7373477
8924680
-8183381
9645728
-4850642
-2843311
5329051
8704658
-3668841
-6949721
6435263
6832721
1861255
-1072262
9492753
171101
697188
3812537
6680537
9683423
707220
2044348
-9097760
-5813827
987762
-8126037
-2219756
745372
-2511825
-5554989
8883915
-7053181
-7834666
-7372929
-1516614
5750250
8061812
-6995650
4627237
-5569179
8589194
-1065946
-9928720
9966674
-633783
-3336001
7469721
4331834
6456121
-2213018
-9334442
-5256583
3381355
2888742
9126180
4958479
-1113521
-1394868
3058059
-6884599
7285027
8412487
1784488
-1076631
5184637
-1187181
-7456582
430245
3002581
4143228
-8503974
-6187514
6295541
2059697
-8332917
-715024
-5713056
7587542
7811648
-1274787
1210693
1043729
-3598246
6750638
-177389
6486964
4944677
2806290
3935933
1826264
-5265530
-4874502
-2352275
5760780
5276555
3532372
-9176897
7585851
9318303
7166685
-8293504
8602457
-5523770
7121819
-3557821
7858776
2602631
-9894918
-9147564
4314103
-1445229
-6805064
-8538108
-7356273
1374529
9065569
6436947
2423220
-7674479
2646362
-1101911
-7974600
-6578864
5290108
6548056
949817
-3956341
-1056274
651900
-6982923
-7610397
1252449
-4520357
1136560
-3011270
2309578
8671446
-1839431
1021356
3664380
1724397
248749
-2297585
-4482540
-278239
-4506842
-308541
4836105
-4052907
3353448
-3785250
2329123
5684197
847528
-4977363
1468953
-2690632
3951702
5110713
5645628
2660321
9643460
-942801
5029454
-814174
-6189648
5037987
-2739391
-447134
-9710388
4339742
-2881499
1131384
5433221
-6499316
-5425127
-9361864
3861082
-5970225
5666159
-429739
-6106696
498737
1566306
-9058304
-1764903
-6265740
9107971
5095989
-1808901
-2482592
-7876332
4258285
1189706
561124
-5936867
-2980758
2026418
9909383
-6385893
2436592
-4441573
6412532
9018050
2366201
4174590
2683418
612574
-2124865
-4131125
-5380320
5981606
-7348330
-7104578
9744541
-2531132
5787436
-9942865
-9984146
-160502
8681894
-8433668
-193756
8999681
7841871
-397175
-6246761
6876213
-911726
-9801105
-8447502
960148
-3393087
9256004
-2515821
-8987952
-113464
4333524
-9201876
-1381824
8867049
-9308755
3948520
-215492
-8170110
133662
-1356114
6695525
-4791364
8706089
1442543
-9540342
-1863794
-4050867
-5989237
1427933
6815062
-2381378
-3222172
-7585212
-6265350
-5758458
8372843
-7597256
-3374775
4348142
-8124065
-779296
4162763
1583543
-4576236
-1078786
-7972643
-4408380
-4124992
-1391621
9992029
8137759
1613059
-637092
-206326
4992859
9177120
-6559396
6980311
3032123
9675465
1624989
-2602951
5595941
4893120
-7612051
-945132
320727
-7254984
6894386
-297485
-5294528
345410
-6117001
-5261153
-3518234
-9670760
2783032
2747422
-154644
4463928
-3050304
-3902340
-295153
-4121094
3705922
2574627
544665
2959516
-7631351
9856074
1118997
2403240
-875081
6063966
-6737095
2110433
-4049186
-9774702
4148624
-5138000
9616866
-2096017
-653949
-5947028
1199885
8242036
-5782499
-4812816
-7128828
4389635
1039915
-1631632
-6791153
-6024451
-8548257
5093197
3990612
-1119235
4046265
9869352
-3956431
8791548
7363987
1204420
-2885887
6604119
9027672
-3723029
5409242
3883498
8216451
7906877
7778228
-6028097
-6701912
5886125
6045953
-2838344
-4057296
4451290
4212633
-6676188
6522146
-9103508
854119
7589589
-3344256
-4999410
1493178
-5934680
-9892112
-4559080
-370315
5877425
-7847087
-9775761
-1935355
4734302
-787961
7182271
6361621
-5380974
-1236651
-2567234
-2502218
2636497
-7763557
-5094086
4158098
5114041
-3778189
3663113
2574471
-7211240
-6789587
930486
-480076
3555675
-7652891
-1090427
443966
1878564
-2321023
-5170420
-2500983
2521319
6549936
9540720
3961165
8602669
9253610
-3975068
-8885487
-9273489
-1191851
3301885
-9741963
7229621
6625009
-301027
4948203
1603183
-3774008
-4972709
-1625395
1539672
9337624
3552943
566845
8233583
-6417382
3308981
7959409
7304907
8693182
-9792640
2105988
5055922
3239984
4784171
916304
6145908
7560899
7694005
-8059305
623275
3360376
2407031
8566344
-9771373
-7303888
-1491532
-5632927
-331637
-6542629
6932775
16930
6077409
-7502873
899073
9495885
-6652189
1201431
-8771841
70431
9077174
4648293
-8105851
-8714013
3500224
-621947
-5297734
-890179
-6638686
-6942222
-5062645
-504026
-6081388
6794739
6993750
4861506
-2715917
742627
-1346969
4432419
-5028418
2215278
3059221
-1825613
6176282
-9107533
3809763
-9622782
-7215390
2169119
9594827
-1976106
-7779806
-9624323
-1783161
-8882183
-6961964
6426190
6660462
-6419214
1927686
5121161
4201087
-3502796
-1045488
-7732230
-5692173
9177387
3690448
2288859
7484921
8502348
-115725
871034
2433179
9673349
3636461
133844
9141943
-1104582
7183808
3190689
-4794497
9600985
-2309842
-5370084
8941457
-3494929
-6525319
-6744587
-6323383
-8785757
2574229
-4015280
3777573
-5658487
-7983232
586736
-4547124
6768548
-3276181
-291053
-122810
-6352689
-8848231
2720151
3638308
-1326565
-1872455
-6675295
6421449
4322598
7715304
9410948
-5178352
-2650714
-8668701
-5622402
-9355493
9799555
4926846
4513742
-4622936
-2298602
-7269636
4160229
-6180858
8573000
-2698768
-4496158
7250655
-7658349
4347821
-534423
5472014
3847726
8431039
7792162
-1899184
-4215700
3344680
-8879202
7482470
-2574352
1484104
-6517542
-8208514
-7311721
2979020
-7911302
6345866
-1201668
9146155
8262904
-8680547
-2858484
8973178
5379283
5734597
-1146946
5668579
-2610727
-9243879
4623863
-420824
-8111376
-15549
2843075
-5514498
5473224
-4939843
2030913
-6027424
4748986
-7571515
4453062
-8858891
8807390
-1875381
792657
4542924
4940618
-1915336
-5999938
-8739248
-9889265
-8789907
-3773083
-8460634
5670580
4945291
-3758432
-6229681
9957646
900929
4900161
-241820
5708302
4925343
-41240
7021738
-5887965
-5839603
6146132
-7042711
-1172831
5460367
2750101
-5270031
7319682
-1499397
-4314824
-2707384
5671835
144822
3809740
-2728261
2973026
5154164
-527034
3587463
9902619
-8416030
-4711026
742002
-2137448
7791881
3411854
-7677383
2045409
3857554
-3649571
-966863
-1249024
-9431271
8918041
-5434188
-5015353
-3275431
6692963
968740
4316935
3717090
9692220
4758340
6983372
6149855
-1254261
9826811
8419468
-2636320
-8510505
-3067785
3987572
-8903174
7383092
6492422
-4851115
1225879
-4819493
3570780
366528
4910091
9234190
8514640
5723746
1504479
-5806266
7104820
-1334098
8331106
6451205
-8390163
3176552
-9491595
-6759122
6910059
-9331618
1444548
1043699
-710217
2938886
4951096
7060308
-958515
-4829208
-11278
4219208
7420905
6629063
3409220
-5074995
-375519
529116
941238
7597498
5865492
9334451
-688719
193288
7825637
-5507736
3613566
-1757600
5784175
1565086
-4351592
1231629
-4997504
1500248
-8082365
-4909929
-6306166
-5768810
3494956
9241019
4498155
1890156
8977524
970864
1262170
3915686
-6289874
1738112
3699647
7808869
-5459677
-2022877
-7144047
8155469
346923
503259
6523128
-7512980
-8778613
-6510126
-3122214
-8564150
718916
9106484
897697
-7022838
9500370
-9260898
7019618
-3682801
-7223047
3140397
-635483
-3260185
-6519457
-8414558
-6951356
841932
-2822297
8720685
-5653142
-9163218
-2132982
-6876275
3269122
-3747217
9802760
-2456779
8976635
985057
3598215
4380025
-8454102
7062711
-9028546
-591769
339211
-7118423
5419423
-3870961
6471071
9070875
1893473
-9861808
-4936553
-6837323
5295959
5200567
5015845
7866665
-6573413
7278919
8784124
-7275075
3080960
587413
-6258656
-9498151
5984425
6760477
-8303898
-8007291
-4756018
-8650518
4555625
-302041
-3600985
8109471
-280893
-5175837
-4871583
-2355396
-6370551
2098218
-1453590
-4437340
-7200558
-6697376
1386354
7237605
-9406794
-8678242
3224386
-3993687
-8737598
-4349845
-4857506
-1784506
-9096235
7355240
-6845249
-9156926
-190819
-4656258
1393345
-5276872
-8413540
-5129318
2299080
784236
-8905653
-5618238
5185304
5449433
-4719766
-9099905
1672285
-3603867
6087848
551277
3961788
3691473
8163952
-2240925
4946938
7208326
6163987
-3998897
7499843
-5958544
3198034
-3962623
7987869
2626878
-2419316
7670442
-5394614
1678556
2078258
6016560
8585172
1966983
-5189719
-4626388
-5852732
-6784214
-8899891
4029437
-8750560
-3145997
5681370
-2932480
7006402
8051347
-9988457
2804499
6832554
-5675989
-2699053
6858454
4871947
-8153872
-959122
-7047097
-6231671
1160201
-1956963
-3083975
-6659499
8756182
517539
5911791
8974820
-5953340
3194660
3902132
4703378
9854394
-7058806
-424564
8043757
-6303682
-2816769
-2548726
-9781382
-4887450
9763075
1220258
9825164
6419786
-3888433
-6507017
-4492744
-840731
-4004805
8992932
-7497777
-7783976
449968
9340835
8679329
-350980
-333649
8253291
5325758
9601635
9713742
-9428575
2232517
5329614
7452415
-4563808
-3419800
-8562071
8454926
-4457751
5689554
2958047
6584696
195049
4558504
9194810
-3146640
-7010891
779810
-4701285
9446412
3487912
671629
-1275858
292921
7283284
-1355533
9145034
8483150
-3905493
4189431
-674883
7421151
-7718090
2589210
2044771
-7844038
-7438891
5072273
6624755
-9616424
4211820
-9382225
6375843
-1568792
-860788
-5350317
5623301
4531813
-557272
7023303
-184083
-9346073
-2335901
-8703781
-9355567
-9011372
-5267240
-1610959
-8694160
6965649
3968665
5466545
729975
7403228
-2347441
-6851015
-3496383
-748645
-1152441
6122398
4960537
-7801674
319148
-4059570
-8302624
2724058
5985540
5180862
-9624504
-9649977
3863113
-1842482
6554593
3755002
-4475877
8131569
-4752065
-7371951
6483799
1151813
-2081937
-1000073
-9563827
5430577
-1538452
1032565
-5724175
7081705
-8507749
4994970
-2086014
-4020612
2988267
1985943
-2816912
-1518441
4310042
-5257760
-6688875
1804416
8167896
7801390
6429664
9986020
5435227
7517353
-6438072
7654291
-1845888
-8684539
3596575
1019170
8825352
-3086156
3353109
-4840759
-348175
-5354346
1073822
1700991
7245271
6215416
4030398
3121490
-9903619
-592590
-6776771
2271626
5034820
-8280135
-7935321
4736003
-1650377
2304422
6676966
-6856739
9958492
904316
8643377
-269537
-7147339
-9897611
4834629
4282890
-2578536
6595988
45722
701933
-1793058
5041163
-730863
2652713
5130864
-6564307
8043034
-9126843
6318474
8511718
-2917558
2901244
-2779896
7216427
2139659
8223142
-9162753
5385948
31081
-8167799
-3269361
6472789
3486026
1644129
-8651277
7203670
722419
-1497405
8260811
1675444
-7540686
-1701294
5681504
-8616056
-5922147
-3574891
-5448476
-3365718
-3329493
8685010
1357631
8517286
4022560
6947318
-5682523
4982959
-9192618
-6713082
-5675430
-458321
5217783
-3776399
2149515
-8315962
-9840458
5516160
2013163
6831840
2617891
-6205265
5047446
-5112273
7229140
-5437498
-3540613
-5346237
3198025
8841408
-4938045
-334540
-4277044
2801707
9261915
-6335555
-3572816
6454619
8573979
8182019
7425736
-4876889
-3815638
1708355
-5340356
-8109839
3209313
7743085
-91220
9989995
3762505
-8818044
-143807
6279684
-9030454
1449746
9096543
1453140
-6941666
-2076974
1611847
-7206229
-3544329
52287
6057253
-7537861
-6470250
-7296993
-5919309
1764733
-4855629
8545290
5984819
-2215834
-9840899
-8388937
4878569
2693297
-9800795
-1772879
9241548
-9854467
3227745
-5075858
5713821
-2556318
-6532716
2543279
-4393828
9609034
9356872
-5681479
-9942039
-7446533
6703465
-7249292
-2414736
-3472842
3146564
-6573643
7620585
-9408609
-1664607
-1313000
-1716336
8631453
5639647
-6573592
-2744935
-9192401
-85316
9975551
-1504651
-2056845
-5665799
1763194
298428
-7492060
-995531
-5502660
-5474544
-6589694
5372801
6567006
-7923004
4382254
406034
4259370
-4819320
8069708
734991
1910919
-2406703
-9227850
9569355
-2947442
3005754
8985097
9091004
-1179851
-4497081
2992465
-4217027
8540900
3775120
-3700730
829153
-5960209
-4005840
-4599287
-4422252
-4954815
9869752
8675696
942095
7858358
4847928
-1958245
-8044504
-1563493
-8362589
-3060276
-7300419
-5167643
2730806
2212353
-5974278
8121762
4517769
-4676325
-2713532
-7508893
7245297
-2432710
-1445018
-4464135
9022334
-8021085
2221790
6267802
9495086
-413414
-3747480
5117862
4488699
3838886
-4295705
2984593
-8303552
-8649079
-4951580
2563511
9136250
2846598
2806720
-3876313
5793288
470058
-8178961
-1882521
-6540430
3682369
2506273
-6391423
-7259437
2759543
2438689
-1393431
-3217912
-3991408
539358
-4428709
-8875506
6307361
-7444912
-4839457
-3404715
-8954077
672966
-1879805
9565142
3008283
6530481
-6578521
1403267
-8667830
-8524012
-714776
-5151840
2532010
-7395061
-1924822
7835856
8226371
8974823
-3862909
-567674
-573688
825208
2994104
-2777129
1186787
-1919906
-2268210
-3427104
-8962097
8642462
4105036
9812088
6302931
6809087
-2625408
8754567
8073661
2240283
-8712571
-5681041
2163587
-4946855
-5873534
2034718
-2034824
3215790
1949391
-6948798
8150979
4032236
2918100
1127665
5514517
-721562
5998515
5914435
-3200657
942430
3244307
1659975
3661528
211391
9005227
-222048
6153785
5949017
4100701
-1632111
7829768
449153
-4948114
-8606892
5094015
-7218665
-3360639
-2890442
1069276
-1002754
5428849
-9273471
-8577048
4458520
5613640
9656585
3932613
-6720627
133751
-2073686
870676
2560949
-7826383
4007047
-5896826
5804999
-3004660
-3604141
3890813
1438508
-1998904
-7743243
9418878
7588177
680295
-8446912
8436595
6056557
-9732014
9424488
-5873918
-3004007
-7889138
-6864926
-8237970
1090065
-1978250
184220
-8824739
4315757
8752579
8340796
-200201
-6061547
4397832
-5623340
-3661759
-3538923
-911437
5752752
9707696
469676
6308011
-8689437
5496384
5980929
-1505908
-196504
4086444
9372096
9772855
9803087
7424045
3243961
2290285
-5477371
-5826293
-7259847
-6245075
-7400660
-2985953
9966725
9232282
-3783452
-4813710
8650800
-7240649
-3102439
-56628
-1321143
-2379596
1479793
-577998
229575
7403495
-1502149
8120094
3232919
2792860
6095879
3181036
9176133
7694508
8542387
8776213
-6590907
384639
1534775
-465244
8683589
7835238
-6970538
-8294884
1627906
-4679595
-2435040
-2506752
-666236
8647191
-1952874
6707935
9494382
2495480
-5195074
-3560333
6265784
4036667
-6471223
4235798
4171309
6177222
2719521
-6513595
-2237134
-976462
-3809523
2074975
6184545
-2090212
-3774964
6076740
-3846297
-7661416
-2569270
-8864100
6573412
3669997
-3787358
3844184
1236048
1039100
3147268
7512281
-8770723
2912623
-245390
8468731
-8205499
-558846
-6458270
-9882248
799735
7818897
9485804
6496374
3643909
6298217
-3175073
1704746
8217761
8181914
1066645
-1089929
5178531
2119954
-7055748
-2529576
-2927064
-937415
-5788022
9646134
5123329
1255902
-6494315
-5987779
-9228846
-2595212
-9414484
6705358
6934818
8383673
4185595
-1523251
8329988
-4516363
8786220
410972
-9237879
-7164968
8445537
-4485721
1229705
7223448
275105
6572964
-6015806
-2562994
-816571
7678835
3641410
-6975040
-788142
-5893103
8759328
2459997
-4971060
8037101
3806734
3599203
4543224
7992353
-9041556
-4698589
-1881118
1788512
-8816521
-5831084
4334595
-306202
-7654106
-9595816
1753873
2895699
-6102738
-8220604
-3627354
-207126
9951435
733170
9228928
-6473029
299245
770474
4805171
1430534
9012283
2072795
7870427
2216407
-134380
-55058
4713825
2516444
8505403
5797235
-5450430
-4027432
2654945
-7852846
-3946739
2642772
3371250
-1119270
-6684776
6083009
-729003
-950211
-8207722
2320133
-347739
-8607134
-5351002
7393443
1321207
8712235
365322
2277084
7740713
4651943
4698475
9182107
2396351
-9856586
4519983
-9873078
7102228
9265954
742196
-3579749
-172662
-5011300
9045065
-1844012
-4592491
-1797
-7181244
-4170835
-5613993
4941443
-5947126
8077975
1210862
-4286217
-1899669
-2486679
-5895794
2365948
-6677608
7493015
-3980791
-4120095
-8262914
-7379643
3813658
-9441974
1538926
-9693651
9245098
3945481
1428730
4375810
1960482
-5484979
-7320947
1240743
-8863479
-5462755
2663358
8718291
9861952
4500462
3266509
2659313
-4393499
9070372
-3761169
-1738595
-9393333
-5407389
6788858
-3635810
7693071
3448976
-5562191
-9911739
-5115152
-8008506
-9029672
-7174302
-4682710
1529690
-5064649
-2509371
-7511707
3334842
-3728891
-1723580
-3741743
-4839526
-7964769
6404867
-8836166
-8902293
-6618163
-7493139
6751766
8918660
-6013018
8766388
-6468943
-4498277
4053625
-5937637
5970805
-3859677
1597568
3455664
-7393043
4061595
-6049693
-3900797
8765747
-763516
-7336457
-1366042
7875673
9542945
-7255325
3828675
-3851170
-7949574
-6184708
-7822506
7927947
-1561005
-7784607
4387870
-5234041
-9521951
-711311
1009503
4902839
6519853
8125676
-861297
534259
-2694284
-3177035
2453717
3541893
-1366551
-495715
3560442
-7013335
6151424
7265375
-6227097
932508
9746486
9810928
-6322922
-5952497
-7173293
-5691000
-3119049
2292990
4723364
6058458
-8051148
-4201946
-5924187
717154
-8718617
-5948260
805086
-9712860
-4729096
-1719684
-2122876
-3925215
-9285843
-5726158
-5982421
7746862
-9450380
-3519630
-4527861
9730969
-1855394
5159208
-5756927
-5179540
296007
-7808778
-4675893
7252290
-235214
4634774
3859757
1821593
1519295
8404579
1131312
-797967
-4814105
-3011218
-3496327
5192357
-5718221
1475381
6504509
4617193
9432409
532856
7811631
-2077272
-3492092
6592633
-5479739
-8567219
6757823
2550396
-8030540
-7057967
-5143327
-3831195
7590187
6690747
7365588
-8211240
-4715089
1825733
4963806
-4312588
2964747
863229
6556841
-3256679
289173
-5534077
506424
-8750292
7488998
-4753213
6779048
268961
-6887136
-4844058
-171114
-547161
9882738
-9151897
-7423185
-2588117
-7575220
-3601902
917729
-397341
9768173
6441362
7437102
-6540959
-9321015
-1173176
9792668
-3974950
8712859
9793919
-890772
2593023
496428
-3342414
-5345196
325462
-7223076
-9717706
-3488802
-7910189
6228726
-5303494
-9753665
9623332
-3135335
6342513
-6154994
-3695132
6222515
3770632
1431506
3435055
-2648417
8214132
995327
-3271506
4183017
-1623342
-8860974
-3133130
9257351
7099180
-20888
-6812248
-4656093
-6197982
3315412
1413376
4803770
-6744844
-4017984
-4305989
-1608468
-148969
8063324
6010963
-6991158
-4204539
3207499
-9795507
2661171
-2445949
3861958
-8270361
8416069
-5374035
-1445618
-515844
6989931
2597322
4931430
-1724418
-6278734
-2999263
5572596
9358451
-9048732
2100676
1789247
7340706
-4161067
-5861245
5527392
-1386839
-3493770
-7930920
8625190
-9461798
-8053465
8805854
-7061455
-4866073
1690886
-8353841
-8497281
-9046470
-5662715
6151673
4649482
-2907368
-9128570
5718720
-9088413
6119949
3754049
8618718
4944442
-3960695
3616508
3159609
-6210161
-9489757
-8104519
9536773
1403591
5933848
4141717
-3428021
-8442924
-7354825
6899585
9127156
-8179694
3487651
-7334533
-3864508
-6945838
-8316244
5352196
-3659321
7519784
7601440
-6565854
-9320944
4275768
-6310424
-239545
558047
-159153
6468161
1711792
-8185042
5181290
-8635134
3376323
7186089
3905352
5351470
7770
7521707
9870806
-7751416
8751142
-6404912
9528487
1029045
5817180
7913013
9134452
8392807
-3284852
8739106
2048624
1166710
4080611
6243747
-8180818
-9675340
-1895331
2477138
6285314
2561919
9769476
-4950060
9966792
-6862720
8417232
-3725062
-343779
-9683592
-7018521
-6332488
-4706804
-4458132
-4390026
-503695
-5130365
8039834
4222865
-920054
4116279
1022768
1929834
-1884239
-4608641
5682916
3181182
2807443
9090982
-3354261
-157281
6166824
6795484
5115736
1841058
-8717480
5840644
-2398479
-1761970
-5174021
-6519775
-5740408
5737214
7372473
-4511552
-9029392
-4760967
2995378
-8422276
-7229398
6833094
-669717
-9932774
2963075
-8920619
3325527
-3718411
-3669267
7109796
603438
483010
-9480450
-1031288
-3052618
7513578
4160119
2247578
-6335973
2518380
8764792
7612507
2574398
-9746074
-9905944
7397701
2776206
-2331525
8715722
-2113946
8978539
-1101944
7390947
-4248914
-7434768
9136949
6011774
5909409
-8254845
-7460637
-2601694
-6402421
-396551
-6713
7813759
511376
8330764
-6862491
-9904024
8434112
-8870504
9170786
-1653462
3488271
1664026
6187536
1246778
-9230298
3067868
-9409123
-6118958
9884705
4719421
-3732831
-8210691
-7857824
5771764
2665052
6404468
4007369
-8272938
4448522
-9131846
427102
-7615154
-354877
4523263
9350287
-830362
2169601
-446246
4421641
4156325
-4770906
3591326
-7707744
5224241
-6626537
966267
-1476407
7103821
-4511530
5857464
8844697
-407754
-2585549
62467
-6744694
7737646
471059
3578665
-9679341
-3547869
6967190
1289450
3818766
9604358
-6450216
7101672
4725469
-9715239
-100215
1422157
2738824
9174035
3954357
5362526
-5525950
7044558
7707420
4467358
6591286
7270067
6826541
7612943
-7713937
6619819
-2896696
7251091
6117336
555749
9428493
7453399
8153736
-581645
-4648317
-9827491
1951261
4846894
-2770249
5335950
-7846744
-453599
8930897
5335370
-725717
-2184883
-432467
8143375
9558735
4803020
-7932166
-6411970
3317839
-1921616
7406088
-3394882
-1337950
-117523
5689241
-1041665
-4207120
-3951916
7013394
-8430438
1024644
8974674
561730
7807835
-2936942
-1388001
8212425
3820111
5428971
-552538
-4221216
6491767
6526582
448192
522963
5884941
7511275
9061594
-2437203
-3607777
-889771
-4348628
2564451
1467639
-9290801
7747876
-9971458
7665293
-2019713
-8271514
4423786
-1891493
9739713
4252170
9400704
-9113491
5934555
-3267008
-7817210
7961097
9903247
-9475012
-2316415
-244057
6416928
-436988
8601592
7673685
7228434
-7349212
-1575646
7284904
-8329461
8906299
5863580
-4323915
8076259
-631282
282419
-5656379
9560321
-9828473
1653065
5404791
-6774840
-7736215
-471595
3524962
-8889323
8257809
9671071
6013161
6549357
-4789268
-1647922
-2261974
8008310
-6373448
-3620865
-1565619
-7222813
-8533971
994988
4293544
-4436112
7067750
-3071061
-1305725
1568242
2938079
3633260
8775595
8959713
497379
-1600707
9920320
-2130059
3177760
685111
4630760
5572249
-941823
161491
1161196
5320265
-6298712
-885195
5659071
9070740
-3473845
2974188
-9450526
4311835
-9213110
3414070
4700750
6632859
1133880
-2717609
453427
-9996776
5375396
-1385569
-2550753
2626016
-5975078
-7835124
-6115785
-3537333
185405
-2850577
-2407569
-8835095
5558940
5426739
-8476094
2819021
9954143
-3943415
1460553
8176485
3133253
9899318
-4423311
-2311829
-8360824
-4119
5011804
7399699
7626927
1486618
-7827902
4105286
2900623
-5815279
-6770958
5357016
715891
2652608
7923385
-7372901
-6030117
7197325
-5551842
9021178
3350169
-2236215
962013
-6817963
7417030
555071
6759742
9792451
-2121220
2613306
323814
4232586
7732958
-6108611
7932733
2296513
1749445
4688274
-8186288
-1657581
-9117836
-9408571
6502588
5323134
-5191512
-7350262
5388262
-6520830
-6175203
3594293
7326601
4642796
-2610447
-6141538
-9513381
-5841128
6245685
-4729265
1813941
-9530997
-3401294
-2245161
-2510600
-8243791
-4049465
2136952
-1422438
3284581
3777301
-6107090
-2286885
-4313212
5255125
-3390168
-2254306
-4733032
1302884
8781323
8363565
-6652626
4003884
6076881
-5756881
-6093464
-1216933
-9220943
7306959
-2066249
-981189
7313800
7358556
-731145
9680561
-6668897
2154851
6783192
-9181917
-3900681
-9948616
-347639
890085
5732279
-8815795
-1019276
-7420911
7904613
-6874134
-7013421
4179785
6603091
-3010547
1861943
2064960
1832130
4634293
-7812465
4445838
-4765940
8560890
408347
8321031
-2335052
7978434
-7018705
159723
-4519613
-7265466
-6636059
458786
4762170
-5481304
-9946659
-3903465
-8437500
7423614
-6076638
-9824678
-938997
-283570
9042474
-2679094
-3403291
-4232703
-9052891
2027895
5368523
-1979865
1693387
7848981
-6040899
-1876279
-6562381
5005556
-1072749
-296337
4698286
9401368
3668792
9699411
5633974
-2167857
6309967
8111245
-9889146
-6042882
-8477372
-5556658
7161030
731513
-3742557
-7550946
6139422
9802593
5859811
5960156
158687
2310041
-907387
6486087
-3405574
-6266944
-6406719
-9815399
5879837
6767745
-6889564
2534110
-7941891
7073630
5543556
252149
-9633642
-3945970
6832558
-2099807
-3948185
2731054
-1742615
4399358
1464279
7450312
1815733
367967
3214448
7485008
-6182668
5525300
4313668
-1228031
-8392802
-4939721
6349557
-490934
4909718
1635106
-6154479
5255849
-8253907
134866
2513401
-1934674
-3443356
-3448689
-3857886
6121253
-3983799
-6035436
-8716265
-2873719
-256380
8302930
-2064822
9824430
-8405838
-8975964
4850068
-9123063
7217924
-8004289
-2193392
6756802
9385525
2437723
-4143108
9785342
613729
-9943375
89461
2571581
-5443199
6400791
9262380
1076919
297240
-620555
-4509716
6474734
-1300941
-1134139
-1760169
9865070
3251411
5724312
-7876231
-8153506
-7700468
-9852848
-543362
-9158342
-8892487
7055241
-7597792
2256385
7889623
-8675630
-7740037
6587905
-5670936
2473679
-6685037
-4535730
-1857245
-3129959
2640359
8179422
9322485
5147729
-2208062
1852526
-9200934
6006951
-2981259
-3153749
502037
9390351
-1156370
1404768
-4992562
-9892149
-5737528
5430472
-6506269
-3357933
5920919
-762087
-8748395
7074342
2219967
-7062292
-4366677
3735803
5289950
-2488229
5837560
8180035
-2997905
2469040
-225948
5925102
-5576256
9219472
-8655903
7883652
-8535008
3012163
8332232
8480885
-1456073
-5280919
-5114116
-5575267
-2759163
5115861
-78680
4355045
-1060809
-9987532
-315749
-5077495
-4640788
4101563
4268750
634183
2963007
-6954328
7377429
-7320630
1948879
1090555
-2825070
-3175191
-9788018
-6668559
7149290
6985818
3031144
-5710510
7215857
-8481585
-1959580
-8816062
9886380
5185938
-7473089
-6530571
3200965
-5733488
-2277513
-3534926
-1285314
9274698
-1741727
-3435014
-569881
-8217204
4802413
-8094463
5062630
-8975097
4474204
-8016840
351716
5281995
-3642318
-1619559
-1519511
-7559302
-4642881
-2953499
-4046772
4750918
-57847
8829052
2749709
-3697194
-8942919
-8786481
-3976828
8051054
8126621
-9684946
-9402914
-6470339
7046735
-7412504
3738289
-2931053
9765606
-5786827
9291539
-2431283
-2079668
-3729989
8139125
-5647411
9946143
6358225
-6082773
1216988
5835229
-3086379
-5737829
-1058726
-6003301
-7604829
-3715949
-374890
4246034
-142948
-4168397
-1692910
5885589
5271050
-3718712
-50867
-6598676
321070
4801835
-422076
-2040950
8111098
-7770202
-8014471
-584860
5067854
-2302321
4611600
9292625
3735279
378458
-7323620
-554774
-4495668
-1800941
-4169004
-7457537
5721609
-5743935
-3781968
-1698714
-5857750
-9139912
8436789
-1806474
-3868876
4025575
8951810
-4024370
586386
-1846733
-2535272
7996109
4576993
534607
-2723396
3928920
5902952
-2339207
8734766
8834076
-1656256
8215765
5481910
-7210729
-3168856
-1439655
3599445
-5045416
-6401629
4081102
3891213
-2405206
1625915
6134298
4440945
1105471
-5987305
9065560
115088
-4995836
9768243
-3291977
4005744
9948500
-8022407
-8253272
-81942
-4454668
6479941
-3725424
615552
9112985
-4480398
2048439
4703739
-1953451
5497551
6187888
-5832615
-4016608
8294158
-2913970
2966892
5398344
6019930
8046044
2592104
-6420128
-1434083
-8088981
-3085273
-6151400
5725426
610414
-7644025
-1072790
9081616
-6923949
8827094
4739650
-5893534
-7172598
8578589
-7910756
-10875
4795732
-8644653
-874896
4865371
9259835
-1616046
1272927
9446420
-1207548
6515308
-3823865
2082853
6707388
2437153
5594778
-5594866
-1030995
-6646245
-9649979
7309121
-9104456
9147237
-1421105
-800258
-6273580
-5091965
-8986210
1763377
7425342
2087568
9570611
-8443392
5171333
5296644
8866657
-6522834
9643065
-8437338
115579
-5718092
-2678672
2304889
-3267654
3305129
-5158157
8610877
-4306245
-6625990
9303291
-7744119
-9537625
1064292
-7003911
5642060
-3061489
-5188226
-1709031
-7817055
-4334312
9280687
5033131
-4869145
-7788690
1263763
-6165877
-8781585
3060787
-1699197
-6487086
-8392073
-5366914
-3579146
-8980858
8091839
-8286047
-2221920
-615061
-6342198
-3608317
-3409370
7298503
4074784
-255548
4246994
625738
1140816
-7907953
-3065822
8134860
-3535728
-6138316
8335578
-9082292
665246
-5572592
-3751690
-5322400
1438101
9907636
-6251011
-9498011
618288
7508766
2287504
-8065937
-8132839
8533479
-4614476
628631
2075843
786919
8644983
1603422
1635457
2558046
-8722878
-2088146
351892
-1836487
-965617
8112845
-81300
-2365578
1805152
3815494
1075167
3161975
2285086
6289251
4138950
6848646
-8399023
5684431
-2548374
-3777903
-2292570
-9153929
314029
7492865
-9312252
5260105
2200716
6417102
4139851
-410543
-9595768
9300800
-1538972
9521460
-2640498
6635225
5498154
1499571
7461608
-1981774
6213314
3790519
4917758
-8902171
-9518471
8965211
6587702
-7452967
-5745805
9118655
8466875
-293659
9762124
6178588
1869880
6884328
-4864791
4844101
-8611350
5546497
6860928
-3141140
5053655
4030189
262030
-4760272
-1052704
9794630
8054063
-2399232
-2211467
-847630
9884422
-6311635
7855407
-5669909
-360976
2019386
4062422
5930957
-4353051
-8200737
-2885818
8301247
-1059107
-9999669
1252615
-8117771
-6224164
-2096592
-6235972
4412886
8365675
-9322920
-6802172
-7192706
8149308
