-718
-888
-509
639
279
-315
816
291
-549
-247
223
-16
375
709
945
-554
314
11
-50
-286
-232
587
-341
625
781
256
403
-302
-688
-901
145
-263
-931
-360
-976
-113
-585
-956
-179
-828
590
-748
-650
-894
-576
-84
726
174
536
-419
-651
-789
28
-758
-278
-898
-656
580
-291
473
4
596
-436
-276
229
-938
269
-172
-716
837
202
326
739
768
-936
-360
-496
-461
-766
570
647
-975
979
221
-843
-630
908
827
-573
566
694
-592
354
-855
-588
-252
-3
24
796
-742
440
882
-501
532
-980
591
510
248
-25
928
-926
-125
-664
638
-532
929
-726
-202
-784
108
604
875
-777
-140
-15
803
-981
88
74
-543
-312
553
603
-150
483
202
-985
874
-68
-442
-771
464
-565
845
573
-817
-446
671
241
-577
-539
846
-440
-123
287
226
950
893
893
506
858
962
-510
-816
172
828
-46
-419
-627
299
383
-194
601
-765
617
363
633
501
481
-750
42
-628
-137
-46
138
602
-996
-213
288
116
193
-404
-882
342
-15
-531
55
-467
978
-21
-805
509
234
-381
-498
-234
586
-538
447
-168
707
-699
759
415
-242
183
-481
-631
-167
-189
-78
-231
-159
439
18
244
268
768
-226
388
239
-352
-246
889
252
978
-300
-123
388
838
429
875
97
794
-739
401
143
962
202
-659
-169
772
-517
-752
-122
12
318
724
-646
898
772
-309
523
-140
150
72
-156
-441
159
-294
64
939
616
988
967
602
848
708
347
-718
970
348
-337
648
456
-919
-241
-420
406
-409
-585
487
-583
-455
665
-137
240
-481
-780
-301
-300
-628
-328
145
-959
935
-139
-237
-943
-468
-367
-740
710
110
36
-991
-416
-627
-801
676
591
696
833
594
-331
45
-127
-619
969
619
998
-845
-776
-808
638
98
145
-698
-600
-703
979
-394
786
381
-854
-292
-596
141
856
488
292
440
-579
23
289
-242
432
-409
-282
46
-92
-731
-996
-726
-336
-884
-570
363
455
-426
381
906
766
-221
-118
-160
-505
29
-313
-357
-610
-147
-497
-418
449
-202
952
-488
-89
-10
232
-790
421
284
-108
349
915
-127
-595
-787
-848
269
20
590
678
382
782
552
-309
-4
-638
725
230
500
-952
-757
486
262
-952
-203
-792
-229
-678
574
526
-511
378
-63
663
394
302
917
-192
215
-451
67
802
649
763
723
-902
842
201
873
-64
-921
192
-382
-924
898
232
-429
-150
469
-844
706
-611
-13
-650
-773
-973
357
943
407
-641
398
-667
61
-587
-842
-628
-618
-525
-725
576
-60
-121
-143
-336
-805
-368
-309
-732
782
27
-818
-446
314
449
-320
269
192
-70
-72
710
-199
254
174
23
550
504
-274
-400
-412
-246
164
-863
-226
502
184
82
-185
-636
-812
-394
-384
-866
-479
167
-637
621
-668
906
64
-253
591
-90
563
-392
332
-288
269
468
-61
783
181
562
705
557
904
300
-407
51
925
803
-206
11
-994
-440
-4
122
771
-975
885
605
-76
-335
739
88
457
-420
452
-686
414
-305
-227
908
-485
-65
740
273
-836
127
170
455
-906
-342
-113
189
706
-687
871
773
793
-992
-435
-531
521
-915
466
-94
-513
403
990
-966
135
546
-286
-142
370
-385
908
-256
-766
-761
-81
400
475
-106
-660
-209
922
-447
-609
240
-888
799
5
-154
533
369
567
826
-573
500
-352
-288
484
-592
-63
822
602
323
-357
84
-471
387
-931
-153
-931
-49
-299
274
7
-107
990
-160
496
-92
954
-643
-761
172
516
-998
-242
-725
-662
691
617
129
55
-213
-123
266
-914
-733
150
-77
-189
596
-882
615
-121
743
873
961
-873
6
628
-780
-504
-723
-769
64
402
30
808
343
-989
484
-437
168
446
-242
335
-665
-788
311
343
-293
184
541
222
-992
538
538
-179
-575
-461
-340
483
406
527
-801
330
860
193
831
783
-87
679
771
-879
-874
631
-41
-121
813
616
280
484
708
479
119
49
-960
-160
-572
-151
859
369
-494
673
436
470
107
945
-318
480
442
-78
-71
-291
-699
67
167
38
674
-178
-688
564
-844
334
-308
180
770
-712
337
-306
850
707
-607
-688
28
-982
39
428
869
731
-284
-863
-640
-542
-240
-487
-941
-547
-693
494
593
48
858
-38
374
-32
-890
-802
-846
-926
724
857
620
-723
-460
46
-164
-986
783
696
764
282
671
-746
-766
263
-543
763
-809
683
730
643
662
-269
776
-37
624
-798
485
512
687
958
-430
-1
-157
-242
416
817
365
-149
795
6
664
-992
137
-882
-859
-602
-706
-23
-543
125
-729
-104
-707
7
955
-928
101
-498
912
-829
98
460
-974
585
558
94
96
874
-137
96
240
-989
891
164
210
-668
-194
576
-793
-314
848
-806
-125
918
-30
-362
-238
344
-969
218
899
735
880
24
-974
-806
-574
-923
815
959
838
9
-88
452
-316
-100
107
515
-782
-696
-929
-757
-548
-829
-183
536
218
861
745
-704
-984
-653
656
209
-219
-741
367
-236
-387
155
-820
484
205
-950
-268
-39
247
-350
420
593
165
313
460
856
717
-673
574
-273
489
112
824
-50
504
484
16
-490
560
-549
-258
-656
69
405
-135
-513
-608
-567
152
10
594
-740
890
-210
943
-549
212
386
914
376
-61
-66
-22
921
-208
456
-231
-778
-243
492
16
831
-209
-572
-124
-430
-878
-142
-836
-458
